Arquivo,Teste,Metodo,PWM,Kp,Ki,Kd
monitor_output_test6.txt,2,IMC,20,9.999999999999998,6.41621608789189,0.9301081603617811
monitor_output_test6.txt,2,Lee,20,0.32919461096794356,0.21121837589398318,0.30970007019826645
monitor_output_test6.txt,2,SIMC,20,3.5602669393259925,1.1797717906983267,0.33114333333333684
monitor_output_test6.txt,2,IMC_robusto,20,23.944489162439147,3.096082356906242,120.19356608760107
monitor_output_test6.txt,3,IMC,30,4.999999999999999,4.695574186550468,0.5521786905381815
monitor_output_test6.txt,3,Lee,30,0.31215172494988724,0.2931463163923785,0.1833421825335743
monitor_output_test6.txt,3,SIMC,30,1.888624735440092,0.9421820940054997,0.2085716666666659
monitor_output_test6.txt,3,IMC_robusto,30,12.215679902917756,2.452773245525744,39.487574722056955
monitor_output_test6.txt,4,IMC,40,4.444444444444444,7.0164507704764585,0.38803445099079287
monitor_output_test6.txt,4,Lee,40,0.39986475011034206,0.6312670501495694,0.12829783236130002
monitor_output_test6.txt,4,SIMC,40,1.7744128944614515,1.5266485253386637,0.15491999999999995
monitor_output_test6.txt,4,IMC_robusto,40,10.987896185865715,3.920099912070099,19.99007999075076
monitor_output_test6.txt,5,IMC,50,3.8461538461538463,7.85220208333055,0.3421674817815172
monitor_output_test6.txt,5,Lee,50,0.5207906135458965,1.0632318165726617,0.1119646518137188
monitor_output_test6.txt,5,SIMC,50,1.6836196083199015,1.9513259129724123,0.1497807692307693
monitor_output_test6.txt,5,IMC_robusto,50,9.64089266358167,4.876910346321231,12.370073965451907
monitor_output_test6.txt,6,IMC,60,3.5294117647058827,9.065615337328895,0.303406310648873
monitor_output_test6.txt,6,Lee,60,0.6952706892987603,1.785866043608921,0.09721073621657625
monitor_output_test6.txt,6,SIMC,60,1.7536934540409923,2.6959410141231004,0.15075647058823596
monitor_output_test6.txt,6,IMC_robusto,60,8.966855612356685,6.4778646906056006,8.056215113068612
monitor_output_test6.txt,7,IMC,70,3.3333333333333335,9.198942305613693,0.27608994382665936
monitor_output_test6.txt,7,Lee,70,0.7159822923703337,1.9758839398067205,0.0877840163127627
monitor_output_test6.txt,7,SIMC,70,1.719005022138637,2.8814373656106507,0.14238000000000048
monitor_output_test6.txt,7,IMC_robusto,70,8.496417180132983,6.844453282542444,6.845662220329118
monitor_output_test6.txt,8,IMC,80,3.330557868442964,9.172841557973301,0.27419623993345627
monitor_output_test6.txt,8,Lee,80,0.7003581905199694,1.9288884833194349,0.08735720836673701
monitor_output_test6.txt,8,SIMC,80,1.7014169823808025,2.8356618879126465,0.14007327227310504
monitor_output_test6.txt,8,IMC_robusto,80,8.482479185053371,6.755365868210882,6.913202892261798
monitor_output_test6.txt,9,IMC,90,3.2142857142857144,9.71993623721828,0.2508175609699204
monitor_output_test6.txt,9,Lee,90,0.7577481224922992,2.2914152907324046,0.07895944432033075
monitor_output_test6.txt,9,SIMC,90,1.7324182433121527,3.2369064799333214,0.13518428571428612
monitor_output_test6.txt,9,IMC_robusto,90,8.222547588543236,7.585758091268477,5.784906917735071
monitor_output_test6.txt,10,IMC,100,3.125,10.009048179554302,0.2389001357126847
monitor_output_test6.txt,10,Lee,100,0.8515149137697398,2.727313215209713,0.07372076336540373
monitor_output_test6.txt,10,SIMC,100,1.8219618242779567,3.7128262786348136,0.13928541666666702
monitor_output_test6.txt,10,IMC_robusto,100,8.04083036610012,8.499204805085334,4.93748828959773
monitor_output_test6.txt,11,IMC,110,3.0555555555555554,10.169101057013327,0.2284393187391021
monitor_output_test6.txt,11,Lee,110,0.9270435099875289,3.085265172211045,0.06913722317805965
monitor_output_test6.txt,11,SIMC,110,1.9057213740163157,4.133312021793752,0.14247546296296346
monitor_output_test6.txt,11,IMC_robusto,110,7.897811762583652,9.27926896062092,4.362971408643149
monitor_output_test6.txt,12,IMC,120,3.0769230769230766,10.954211805436243,0.21604425665334812
monitor_output_test6.txt,12,Lee,120,1.0402816630962841,3.703526344332154,0.063783041889545
monitor_output_test6.txt,12,SIMC,120,2.073400876393392,4.938597157922131,0.14558256410256354
monitor_output_test6.txt,12,IMC_robusto,120,7.991155913040693,10.851408755250784,3.8195804190452978
monitor_output_test6.txt,13,IMC,130,3.0232558139534884,10.962186065653269,0.19661727103671978
monitor_output_test6.txt,13,Lee,130,1.355438475989303,4.914757363820233,0.052365315552440346
monitor_output_test6.txt,13,SIMC,130,2.64575595665516,6.947231765524155,0.1720665891472876
monitor_output_test6.txt,13,IMC_robusto,130,7.961936515622478,14.300830325227025,2.877125060807873
monitor_output_test6.txt,14,IMC,140,3.017241379310345,10.54861476796423,0.21568011103291082
monitor_output_test6.txt,14,Lee,140,1.0312051374336275,3.6052089886223473,0.06349569908517898
monitor_output_test6.txt,14,SIMC,140,2.05017076974419,4.80865666645758,0.14655143678160912
monitor_output_test6.txt,14,IMC_robusto,140,7.840010891552071,10.542106771965756,3.7843255900859685
monitor_output_test6.txt,15,IMC,150,3.013258336681398,10.707944224962672,0.20041647918008162
monitor_output_test6.txt,15,Lee,150,1.3437022166872112,4.774993307441295,0.053520984061261476
monitor_output_test6.txt,15,SIMC,150,2.62118526651177,6.734179948698907,0.17433909200482126
monitor_output_test6.txt,15,IMC_robusto,150,7.9332894691231735,13.881288204298166,2.9427908969186496
monitor_output_test6.txt,16,IMC,160,2.9427993378701496,9.934086698354012,0.21790294996755719
monitor_output_test6.txt,16,Lee,160,0.9976380068039764,3.3677533923657204,0.06428662252271558
monitor_output_test6.txt,16,SIMC,160,1.9871387570150671,4.491064280824629,0.14713996689350695
monitor_output_test6.txt,16,IMC_robusto,160,7.643760031678539,9.862505762409938,3.8451155175835656
monitor_output_test6.txt,17,IMC,170,2.9824561403508776,9.924384364167468,0.2239094975447656
monitor_output_test6.txt,17,Lee,170,1.0299971529270855,3.4274058556462044,0.06573475359817464
monitor_output_test6.txt,17,SIMC,170,2.0430588708033923,4.573159195978497,0.15338374269005842
monitor_output_test6.txt,17,IMC_robusto,170,7.753317392601825,10.003898422204557,3.900213894805026
monitor_output_test6.txt,18,IMC,180,2.969806962547435,9.680717536268164,0.2197613632377401
monitor_output_test6.txt,18,Lee,180,1.2538700014354784,4.087255994808836,0.06019572750629839
monitor_output_test6.txt,18,SIMC,180,2.4366678457036213,5.6481749195740925,0.1803098498597591
monitor_output_test6.txt,18,IMC_robusto,180,7.796265680030914,11.802647981338199,3.342538203340602
monitor_output_test6.txt,19,IMC,190,2.9526029526029527,9.154038108002895,0.23410092812394867
monitor_output_test6.txt,19,Lee,190,1.1616717995376613,3.601563804095418,0.06595442872952241
monitor_output_test6.txt,19,SIMC,190,2.2609876730322473,4.8838701221130805,0.17926531986531982
monitor_output_test6.txt,19,IMC_robusto,190,7.723445037540221,10.379041695313646,3.730331580729269
monitor_output_test6.txt,20,IMC,200,2.9559562518474727,8.874360350138526,0.24096551641122918
monitor_output_test6.txt,20,Lee,200,1.185665066019245,3.5595990447589685,0.06739888814599929
monitor_output_test6.txt,20,SIMC,200,2.305167181033607,4.8482373698034635,0.18791408020494704
monitor_output_test6.txt,20,IMC_robusto,200,7.739651319896491,10.256761660480846,3.790662339145974
monitor_output_test6.txt,21,IMC,210,2.9453015427769986,8.252051364186404,0.25091073091985
monitor_output_test6.txt,21,Lee,210,1.2815374980652448,3.5905706446594676,0.06780252941376372
monitor_output_test6.txt,21,SIMC,210,2.4942069535305906,5.014418682347838,0.21248190743337975
monitor_output_test6.txt,21,IMC_robusto,210,7.7441690779633445,10.400520871483025,3.742632079374152
monitor_output_test6.txt,22,IMC,220,2.922811212966653,7.167468462123516,0.2508247324981565
monitor_output_test6.txt,22,Lee,220,1.5699826847028795,3.8499925444265366,0.059484911900689566
monitor_output_test6.txt,22,SIMC,220,3.235588277279014,6.098233016218196,0.27766609096142775
monitor_output_test6.txt,22,IMC_robusto,220,7.780118324014183,11.954986815546816,3.286289925976087
monitor_output_test6.txt,23,IMC,230,2.9221191716427395,7.082397183741541,0.2815212343728742
monitor_output_test6.txt,23,Lee,230,1.3388779670704325,3.2450646213797074,0.07413996603340602
monitor_output_test6.txt,23,SIMC,230,2.6214454654562336,4.632404828220589,0.25255388980646276
monitor_output_test6.txt,23,IMC_robusto,230,7.704768865160523,9.48266173458351,4.063231288199714
monitor_output_test6.txt,24,IMC,240,2.936498225865655,6.2226667652722565,0.27243897618712104
monitor_output_test6.txt,24,Lee,240,1.6918504425025933,3.585161886916698,0.06066818990840669
monitor_output_test6.txt,24,SIMC,240,3.639888551878112,6.0785671374551615,0.3376972959745501
monitor_output_test6.txt,24,IMC_robusto,240,7.853713994705757,11.676847598291339,3.42852345110937
monitor_output_test6.txt,25,IMC,250,3.023705853894533,5.880859875261772,0.2977355386906953
monitor_output_test6.txt,25,Lee,250,1.7828699281632123,3.467535775624947,0.06474116250039672
monitor_output_test6.txt,25,SIMC,250,3.904268895940689,6.035416824638212,0.3844420254797619
monitor_output_test6.txt,25,IMC_robusto,250,8.10042067905531,11.51474778369364,3.6986504619725165
monitor_output_test5.txt,2,IMC,20,10.0,2.2996393245683353,10.621007720797571
monitor_output_test5.txt,2,Lee,20,4.043588492772255,0.929879511035108,2.961469464486722
monitor_output_test5.txt,2,SIMC,20,7.859087906497174,1.2690536212347927,8.34714333333333
monitor_output_test5.txt,2,IMC_robusto,20,26.19385033133999,2.67964091249486,166.1899114362849
monitor_output_test5.txt,3,IMC,30,6.0,6.719436642431898,0.5539483284124658
monitor_output_test5.txt,3,Lee,30,0.37318064132783507,0.41792727926408174,0.18393513776464512
monitor_output_test5.txt,3,SIMC,30,2.2652870956325843,1.34734819905429,0.2091419999999999
monitor_output_test5.txt,3,IMC_robusto,30,14.657058064655178,3.507888713049636,39.7493821580091
monitor_output_test5.txt,4,IMC,40,4.444444444444445,8.773525798168766,0.4029577179225919
monitor_output_test5.txt,4,Lee,40,0.5874759864192904,1.1597030375972148,0.13197239921942103
monitor_output_test5.txt,4,SIMC,40,1.932786595415897,2.1598662985838035,0.1752370370370373
monitor_output_test5.txt,4,IMC_robusto,40,11.131294596779231,5.408964866531934,14.868246957876213
monitor_output_test5.txt,5,IMC,50,3.8461538461538463,8.983265882481454,0.3564811020652615
monitor_output_test5.txt,5,Lee,50,0.7242078286350668,1.6914953844888767,0.11461406385857867
monitor_output_test5.txt,5,SIMC,50,1.876854375995284,2.60454641156037,0.17395641025640995
monitor_output_test5.txt,5,IMC_robusto,50,9.755188388537825,6.293504875848138,9.814345021548533
monitor_output_test5.txt,6,IMC,60,3.5294117647058822,7.620969070995618,0.3271283102285656
monitor_output_test5.txt,6,Lee,60,0.5666868962361636,1.2236326042603867,0.10623165542714785
monitor_output_test5.txt,6,SIMC,60,1.6265228176915825,2.0380090787445875,0.1507564705882349
monitor_output_test5.txt,6,IMC_robusto,60,8.900158857511995,5.013128590402397,10.255792962008314
monitor_output_test5.txt,7,IMC,70,3.333333333333334,7.956721798792012,0.29390730651440744
monitor_output_test5.txt,7,Lee,70,0.5909468582471328,1.410599924682784,0.09488996884962458
monitor_output_test5.txt,7,SIMC,70,1.5899696718863228,2.2340636170690265,0.14019111111111157
monitor_output_test5.txt,7,IMC_robusto,70,8.435818211719663,5.43673444732056,8.495694299655524
monitor_output_test5.txt,8,IMC,80,3.3333333333333335,10.959108279277512,0.2534666377346213
monitor_output_test5.txt,8,Lee,80,1.1083803190207733,3.6440579792306416,0.07514731360334025
monitor_output_test5.txt,8,SIMC,80,2.2181310615358747,4.858760501215434,0.16866666666666735
monitor_output_test5.txt,8,IMC_robusto,80,8.650588589920789,10.712626764067899,4.533962408832288
monitor_output_test5.txt,9,IMC,90,3.2142857142857144,10.747944694420426,0.23774318454376242
monitor_output_test5.txt,9,Lee,90,0.928530332023166,3.104824381766123,0.07263455257102101
monitor_output_test5.txt,9,SIMC,90,1.9419101066687288,4.184573909350284,0.1436324999999994
monitor_output_test5.txt,9,IMC_robusto,90,8.29074088963445,9.48034880407562,4.7059243494768275
monitor_output_test5.txt,10,IMC,100,3.146633102580239,10.40097544092038,0.23708561088649663
monitor_output_test5.txt,10,Lee,100,0.9644165953669787,3.1878115421218562,0.07160482560418739
monitor_output_test5.txt,10,SIMC,100,1.9759672521270168,4.266623594057331,0.14888084749318176
monitor_output_test5.txt,10,IMC_robusto,100,8.136787726476843,9.560045751806827,4.4949883937476205
monitor_output_test5.txt,11,IMC,110,3.1428571428571432,10.741524022075817,0.22870213358256852
monitor_output_test5.txt,11,Lee,110,0.9494910129389229,3.24513016679999,0.06927609303493623
monitor_output_test5.txt,11,SIMC,110,1.954631203163737,4.3493467031377735,0.14223628571428484
monitor_output_test5.txt,11,IMC_robusto,110,8.121979827740038,9.7721188769303,4.381447826040591
monitor_output_test5.txt,12,IMC,120,3.076923076923077,9.949292188698754,0.23264175222456906
monitor_output_test5.txt,12,Lee,120,0.8320567171498875,2.690472003860454,0.07187652048438732
monitor_output_test5.txt,12,SIMC,120,1.7859459774737376,3.6682646025866266,0.1350328205128211
monitor_output_test5.txt,12,IMC_robusto,120,7.914644018597277,8.408218644974303,4.835499567611879
monitor_output_test5.txt,13,IMC,130,3.0588235294117645,10.8171830536762,0.21623599456769413
monitor_output_test5.txt,13,Lee,130,1.0249489017220323,3.624615733462639,0.063985799447713
monitor_output_test5.txt,13,SIMC,130,2.0472483129903662,4.832895379420934,0.14472517647058844
monitor_output_test5.txt,13,IMC_robusto,130,7.940934929081469,10.638805739162859,3.8470955112955427
monitor_output_test5.txt,14,IMC,140,3.010105353687379,10.422152891050331,0.21733583311598587
monitor_output_test5.txt,14,Lee,140,0.995620093152528,3.447223141052588,0.06451964403976558
monitor_output_test5.txt,14,SIMC,140,1.9951590693583654,4.596452304052074,0.14405461191141744
monitor_output_test5.txt,14,IMC_robusto,140,7.80989970813518,10.145242123190263,3.9022138900018337
monitor_output_test5.txt,15,IMC,150,3.0,10.553124428372419,0.20956506474341835
monitor_output_test5.txt,15,Lee,150,1.1822002417632587,4.158635416859875,0.05900733298660428
monitor_output_test5.txt,15,SIMC,150,2.3006935845452947,5.641208582216169,0.16071500000000064
monitor_output_test5.txt,15,IMC_robusto,150,7.8480448942150085,11.984066069291625,3.335810226598895
monitor_output_test5.txt,16,IMC,160,3.0109145652992098,10.40643470234613,0.20909391720425136
monitor_output_test5.txt,16,Lee,160,1.2900925269346768,4.458865686943294,0.05690224445045055
monitor_output_test5.txt,16,SIMC,160,2.508484241978878,6.192366301019466,0.17420248400451632
monitor_output_test5.txt,16,IMC_robusto,160,7.9102617320386885,12.892962341308433,3.150007340767105
monitor_output_test5.txt,17,IMC,170,2.9627047751829902,9.929467197932098,0.21401233807441047
monitor_output_test5.txt,17,Lee,170,1.2364470184651775,4.143936383628579,0.05891257682931172
monitor_output_test5.txt,17,SIMC,170,2.4022768369604726,5.7056328602791035,0.17352956895550145
monitor_output_test5.txt,17,IMC_robusto,170,7.772958472435985,11.956497486531742,3.2798296756048955
monitor_output_test5.txt,18,IMC,180,2.962962962962963,9.596749964656974,0.22130049086056497
monitor_output_test5.txt,18,Lee,180,1.2396530675616473,4.0151161796543375,0.0608543700938327
monitor_output_test5.txt,18,SIMC,180,2.408581238392421,5.532516913730155,0.17989432098765423
monitor_output_test5.txt,18,IMC_robusto,180,7.774638418872931,11.586669477710405,3.385979736619397
monitor_output_test5.txt,19,IMC,190,2.9860128870029854,9.329526408297765,0.23663131736804505
monitor_output_test5.txt,19,Lee,190,1.1297940565642712,3.5299390476621504,0.06758522764450374
monitor_output_test5.txt,19,SIMC,190,2.206969058528427,4.7522303895686955,0.17489475614228106
monitor_output_test5.txt,19,IMC_robusto,190,7.795942997999079,10.190289623454014,3.8710907757047113
monitor_output_test5.txt,20,IMC,200,2.9695619896065333,8.714500748637704,0.2527298336599845
monitor_output_test5.txt,20,Lee,200,1.0316041174550872,3.0273538270373868,0.07407665769459282
monitor_output_test5.txt,20,SIMC,200,2.0436823311749834,4.040431015671921,0.17393120514724095
monitor_output_test5.txt,20,IMC_robusto,200,7.721885037071471,8.827542705755825,4.3841904214145595
monitor_output_test5.txt,21,IMC,210,2.9893238434163703,8.524837680367096,0.2605648955047474
monitor_output_test5.txt,21,Lee,210,1.0993657464200277,3.1351285543140053,0.07510779876653688
monitor_output_test5.txt,21,SIMC,210,2.1556769430763203,4.204148109363858,0.1878999288256233
monitor_output_test5.txt,21,IMC_robusto,210,7.793984555642255,9.072537849188787,4.345831325133307
monitor_output_test5.txt,22,IMC,220,2.9585798816568043,7.195436199610646,0.2537168655829412
monitor_output_test5.txt,22,Lee,220,1.6055722784976816,3.904843998102225,0.059665300871504026
monitor_output_test5.txt,22,SIMC,220,3.326763458023578,6.240833104511992,0.28529092702169584
monitor_output_test5.txt,22,IMC_robusto,220,7.880595972381927,12.198793993325271,3.304332945548225
monitor_output_test5.txt,23,IMC,230,2.948339956415844,7.285959357080429,0.284100819477809
monitor_output_test5.txt,23,Lee,230,1.290748896823452,3.1897081549186352,0.07655014731584946
monitor_output_test5.txt,23,SIMC,230,2.5133410665386133,4.465042319834523,0.2421845062598811
monitor_output_test5.txt,23,IMC_robusto,230,7.7546886043129675,9.246828516686508,4.221030550161914
monitor_output_test5.txt,24,IMC,240,2.9390154298310067,6.584391176269902,0.3010273961290439
monitor_output_test5.txt,24,Lee,240,1.393571619174317,3.122072983917319,0.07778243805541746
monitor_output_test5.txt,24,SIMC,240,2.7464689215934466,4.535277679036836,0.2813059025226544
monitor_output_test5.txt,24,IMC_robusto,240,7.764259145216644,9.20093554561201,4.252561755285879
monitor_output_test5.txt,25,IMC,250,3.0986613782845813,6.608905568669172,0.31318996159589285
monitor_output_test5.txt,25,Lee,250,1.6161111874537726,3.446883967768248,0.07599910772332145
monitor_output_test5.txt,25,SIMC,250,3.284764263452942,5.329865719044713,0.3319998760535451
monitor_output_test5.txt,25,IMC_robusto,250,8.232729534815897,10.535975414160948,4.175375326167598
monitor_output_test10.txt,2,IMC,20,10.0,4.928040748983344,0.9447950098807313
monitor_output_test10.txt,2,Lee,20,0.250925407893028,0.12365706350521087,0.3147333777682418
monitor_output_test10.txt,2,SIMC,20,3.5049225479624364,0.8852904784241826,0.3311433333333368
monitor_output_test10.txt,2,IMC_robusto,20,23.744515442463904,2.3214611069372757,157.63323324810233
monitor_output_test10.txt,3,IMC,30,4.999999999999999,6.266308066743698,0.5334431938933581
monitor_output_test10.txt,3,Lee,30,0.43178629510701044,0.541141188827687,0.17648833354472035
monitor_output_test10.txt,3,SIMC,30,1.981732410814119,1.3490542824738263,0.21142833333333366
monitor_output_test10.txt,3,IMC_robusto,30,12.344728746229398,3.4709126339664365,28.49718709907665
monitor_output_test10.txt,4,IMC,40,4.0,7.235098184804299,0.3679677119598897
monitor_output_test10.txt,4,Lee,40,0.47139867563059346,0.8526539255935143,0.12095239201062866
monitor_output_test10.txt,4,SIMC,40,1.6895830253382993,1.708116084859019,0.1554280000000006
monitor_output_test10.txt,4,IMC_robusto,40,9.978825730930897,4.315477011761252,14.976579697248315
monitor_output_test10.txt,5,IMC,50,3.846153846153846,10.164536400068835,0.32357269887347434
monitor_output_test10.txt,5,Lee,50,0.7701616218844791,2.0353673182910184,0.10353281577362125
monitor_output_test10.txt,5,SIMC,50,1.9240468546884806,3.051514228985635,0.16186794871794852
monitor_output_test10.txt,5,IMC_robusto,50,9.7775585476093,7.316876513235907,8.480426564937552
monitor_output_test10.txt,6,IMC,60,3.5294117647058822,9.55139334134164,0.2954284490033604
monitor_output_test10.txt,6,Lee,60,0.7403344644945647,2.0035139411194156,0.09414321304733342
monitor_output_test10.txt,6,SIMC,60,1.8010368007736064,2.948198543075568,0.15075529411764754
monitor_output_test10.txt,6,IMC_robusto,60,8.988086129131872,7.025824056175318,7.463108474618346
monitor_output_test10.txt,7,IMC,70,3.3333333333333335,10.43844060135857,0.2620613155723266
monitor_output_test10.txt,7,Lee,70,0.9355837447412655,2.9298106041234955,0.08047217056534824
monitor_output_test10.txt,7,SIMC,70,1.9782054057804446,3.966772020077335,0.15552333333333343
monitor_output_test10.txt,7,IMC_robusto,70,8.58742554186241,9.033538246294336,5.298472130564027
monitor_output_test10.txt,8,IMC,80,3.2,9.15357990789209,0.25803114181526987
monitor_output_test10.txt,8,Lee,80,0.7046156423645059,2.0155486208544433,0.08184019415059414
monitor_output_test10.txt,8,SIMC,80,1.669050837443717,2.912788019440767,0.1345834666666671
monitor_output_test10.txt,8,IMC_robusto,80,8.164325239110855,6.894872948287685,6.274756823974545
monitor_output_test10.txt,9,IMC,90,3.2142857142857144,10.241552710426923,0.2437160719958396
monitor_output_test10.txt,9,Lee,90,0.82452327904744,2.6271462383719477,0.07589304950242534
monitor_output_test10.txt,9,SIMC,90,1.8107638174370877,3.6247826897295505,0.13729714285714267
monitor_output_test10.txt,9,IMC_robusto,90,8.250225094946261,8.38242814125464,5.270409125162581
monitor_output_test10.txt,10,IMC,100,3.1249999999999996,10.341210302161898,0.23426510300672737
monitor_output_test10.txt,10,Lee,100,0.9231861536812769,3.054995892243852,0.07127338327736063
monitor_output_test10.txt,10,SIMC,100,1.9151757919052161,4.104974369103455,0.14357083333333318
monitor_output_test10.txt,10,IMC_robusto,100,8.068097839299611,9.261823736705216,4.561717363640024
monitor_output_test10.txt,11,IMC,110,3.0555555555555554,10.023259429107945,0.23008943008612534
monitor_output_test10.txt,11,Lee,110,0.875367324862179,2.8715019685716547,0.07040176696858536
monitor_output_test10.txt,11,SIMC,110,1.836409211006655,3.8749186807252145,0.13828527777777785
monitor_output_test10.txt,11,IMC_robusto,110,7.878561846195345,8.79205504674377,4.582326934986818
monitor_output_test10.txt,12,IMC,120,3.0326004548900687,10.695230261262028,0.21493308686674348
monitor_output_test10.txt,12,Lee,120,0.9930018801912739,3.5020715443692665,0.0639627608248548
monitor_output_test10.txt,12,SIMC,120,1.9951709491620706,4.670256524133606,0.14140611574425135
monitor_output_test10.txt,12,IMC_robusto,120,7.864719373047051,10.329242561789608,3.88669586748851
monitor_output_test10.txt,13,IMC,130,3.0232558139534884,10.819289895049563,0.21103022377204386
monitor_output_test10.txt,13,Lee,130,0.9701660512376229,3.4719217957772313,0.06309961948161642
monitor_output_test10.txt,13,SIMC,130,1.9601571723354563,4.632922719911361,0.13682348837209313
monitor_output_test10.txt,13,IMC_robusto,130,7.833465133610528,10.2881943558828,3.8712502148850954
monitor_output_test10.txt,14,IMC,140,3.006872852233677,10.207962860841208,0.22107769336750085
monitor_output_test10.txt,14,Lee,140,0.9498876925278319,3.2247516818315773,0.06633831997552925
monitor_output_test10.txt,14,SIMC,140,1.9279795333305643,4.306467214951648,0.14175300687285178
monitor_output_test10.txt,14,IMC_robusto,140,7.785637356183205,9.592922341187679,4.1012853468133015
monitor_output_test10.txt,15,IMC,150,2.9457973291437547,10.4095640620721,0.20036756428513375
monitor_output_test10.txt,15,Lee,150,1.2570986799903987,4.442209622584575,0.0546262309462275
monitor_output_test10.txt,15,SIMC,150,2.4438699872203555,6.160607792979346,0.16622741555381035
monitor_output_test10.txt,15,IMC_robusto,150,7.737546187245499,12.839660827960303,3.026464125181045
monitor_output_test10.txt,16,IMC,160,2.923976608187135,10.095488786415638,0.2006979755940346
monitor_output_test10.txt,16,Lee,160,1.29556711169048,4.473149070857087,0.053765422973693834
monitor_output_test10.txt,16,SIMC,160,2.5255414686720603,6.291722537653955,0.17334990253411345
monitor_output_test10.txt,16,IMC_robusto,160,7.6955675829342365,12.99032774388281,2.9589919090437045
monitor_output_test10.txt,17,IMC,170,2.9386343993085564,9.918620736204286,0.21551182345290354
monitor_output_test10.txt,17,Lee,170,1.113758529307652,3.759211573414695,0.06151819835507049
monitor_output_test10.txt,17,SIMC,170,2.1752166736945293,5.062257643700334,0.15952474791126445
monitor_output_test10.txt,17,IMC_robusto,170,7.67287571301251,10.85091197009112,3.5215402750089733
monitor_output_test10.txt,18,IMC,180,2.935420743639922,9.025232419891166,0.21043287347708384
monitor_output_test10.txt,18,Lee,180,1.4854518473473641,4.56716407687524,0.052181708924080604
monitor_output_test10.txt,18,SIMC,180,2.983310226344533,6.907073808276358,0.21386594911937362
monitor_output_test10.txt,18,IMC_robusto,180,7.784509081282051,13.768692742958546,2.8566190214854257
monitor_output_test10.txt,19,IMC,190,2.9339098208770844,9.21729102865831,0.22428677342120196
monitor_output_test10.txt,19,Lee,190,1.2548801854216345,3.942382888806755,0.061085177074893804
monitor_output_test10.txt,19,SIMC,190,2.4398084618953066,5.471723014652151,0.1865145151327981
monitor_output_test10.txt,19,IMC_robusto,190,7.707241222413967,11.397506501808461,3.382755649123419
monitor_output_test10.txt,20,IMC,200,2.9269720474169474,8.883368025691134,0.2329694800693992
monitor_output_test10.txt,20,Lee,200,1.230143561216923,3.7334890124311353,0.06393971183218206
monitor_output_test10.txt,20,SIMC,200,2.390294851701289,5.151741788837594,0.19025318308210182
monitor_output_test10.txt,20,IMC_robusto,200,7.681994367794419,10.777334202677203,3.554014467424241
monitor_output_test10.txt,21,IMC,210,2.9009531703273934,8.365869729474353,0.24490276167655795
monitor_output_test10.txt,21,Lee,210,1.1874446399211234,3.42439418538479,0.06795640711050571
monitor_output_test10.txt,21,SIMC,210,2.3072058253070504,4.688556482833627,0.19477773173090202
monitor_output_test10.txt,21,IMC_robusto,210,7.603409919563662,9.87119636145176,3.8012776481443593
monitor_output_test10.txt,22,IMC,220,2.895879952612874,7.096944836152965,0.2463819112615811
monitor_output_test10.txt,22,Lee,220,1.5720366033711435,3.8525965292421516,0.05792527546643147
monitor_output_test10.txt,22,SIMC,220,3.257825026863942,6.159041548093283,0.27717625378438887
monitor_output_test10.txt,22,IMC_robusto,220,7.713743794328816,12.037842895359397,3.2082213302007845
monitor_output_test10.txt,23,IMC,230,2.8956313735364465,7.359919105657127,0.2770015541971572
monitor_output_test10.txt,23,Lee,230,1.1907330353415004,3.026524334775345,0.07672024562897631
monitor_output_test10.txt,23,SIMC,230,2.3134526989993276,4.1491029952694225,0.22130924503755933
monitor_output_test10.txt,23,IMC_robusto,230,7.591238301554933,8.725797464465785,4.286498680659676
monitor_output_test10.txt,24,IMC,240,2.8442758947617923,5.931889771739904,0.264093386784689
monitor_output_test10.txt,24,Lee,240,1.661119663939831,3.464354060134502,0.05800532331107664
monitor_output_test10.txt,24,SIMC,240,3.6102834238775396,5.963398876916755,0.3352178241289402
monitor_output_test10.txt,24,IMC_robusto,240,7.614446845561705,11.409711749457953,3.298257957574069
monitor_output_test10.txt,25,IMC,250,2.916132042458883,6.120586555801919,0.30922421215736134
monitor_output_test10.txt,25,Lee,250,1.4547083984923919,3.0532460590903487,0.07742459623104157
monitor_output_test10.txt,25,SIMC,250,2.907198952873786,4.5728650458101185,0.3082769547805131
monitor_output_test10.txt,25,IMC_robusto,250,7.726682260357577,9.151491194016186,4.234253094472285
monitor_output_test3.txt,2,IMC,20,10.0,3.775003737253701,1.0044391896123905
monitor_output_test3.txt,2,Lee,20,0.20135417091882762,0.07601127477301947,0.3346773182626636
monitor_output_test3.txt,2,SIMC,20,3.4703278898132583,0.6682142400162934,0.3485733333333306
monitor_output_test3.txt,2,IMC_robusto,20,23.584664955741925,1.748892005800214,206.43294220597906
monitor_output_test3.txt,3,IMC,30,6.0,5.83987927022922,0.5717445552810265
monitor_output_test3.txt,3,Lee,30,0.3272770381683617,0.31854306513690545,0.19001448409547908
monitor_output_test3.txt,3,SIMC,30,2.23077244587505,1.1448365713163524,0.21257199999999973
monitor_output_test3.txt,3,IMC_robusto,30,14.595898787533336,2.9897361861177627,46.249963185281985
monitor_output_test3.txt,4,IMC,40,4.444444444444445,8.542261021171774,0.4020142735031248
monitor_output_test3.txt,4,Lee,40,0.5607028229584137,1.0776757205291927,0.13187195485010206
monitor_output_test3.txt,4,SIMC,40,1.9092498192265865,2.066272029569674,0.1726977777777784
monitor_output_test3.txt,4,IMC_robusto,40,11.113422575475957,5.193903130531875,15.434209249521448
monitor_output_test3.txt,5,IMC,50,3.846153846153846,6.63337552381279,0.3798645054045758
monitor_output_test3.txt,5,Lee,50,0.4699221605119634,0.8104642409856936,0.12473130942207908
monitor_output_test3.txt,5,SIMC,50,1.6389369252438235,1.5859979012964494,0.16186923076923074
monitor_output_test3.txt,5,IMC_robusto,50,9.606835107540423,3.9964026797949477,14.989046415689943
monitor_output_test3.txt,6,IMC,60,3.5294117647058822,8.401571009763115,0.3169902005363981
monitor_output_test3.txt,6,Lee,60,0.6467378090075423,1.53952386100472,0.10211545887859605
monitor_output_test3.txt,6,SIMC,60,1.7043610276608552,2.4002887449189227,0.1530752941176469
monitor_output_test3.txt,6,IMC_robusto,60,8.942854909599646,5.818874749828176,8.920638354004831
monitor_output_test3.txt,7,IMC,70,3.3333333333333335,8.229497646775146,0.2967089962893198
monitor_output_test3.txt,7,Lee,70,0.6493827014823823,1.6032280241117254,0.09514935200616352
monitor_output_test3.txt,7,SIMC,70,1.6487784783255572,2.4317979704156247,0.1467622222222224
monitor_output_test3.txt,7,IMC_robusto,70,8.46518405018838,5.851401986992253,7.9486879561207395
monitor_output_test3.txt,8,IMC,80,3.333333333333333,9.461928511345317,0.26994441285421944
monitor_output_test3.txt,8,Lee,80,0.7271177561820666,2.063980868497359,0.08569988074553407
monitor_output_test3.txt,8,SIMC,80,1.731097136106911,2.9928703077710157,0.1401900000000003
monitor_output_test3.txt,8,IMC_robusto,80,8.501439169233524,7.093840942651519,6.6128097719164876
monitor_output_test3.txt,9,IMC,90,3.2142857142857144,10.743328512364133,0.2402718997499432
monitor_output_test3.txt,9,Lee,90,1.0362946419692025,3.4636789519975735,0.07176572843288867
monitor_output_test3.txt,9,SIMC,90,2.0910063850724203,4.621080072116957,0.15630535714285695
monitor_output_test3.txt,9,IMC_robusto,90,8.330156617264596,10.252359127190589,4.393039375382782
monitor_output_test3.txt,10,IMC,100,3.125,9.152252479162142,0.25421915771454384
monitor_output_test3.txt,10,Lee,100,0.7608757998317498,2.228392776110275,0.07971612538956431
monitor_output_test3.txt,10,SIMC,100,1.7121720132991884,3.117699567898181,0.13928541666666702
monitor_output_test3.txt,10,IMC_robusto,100,8.004333959033596,7.270192798334861,5.7198816788042075
monitor_output_test3.txt,11,IMC,110,3.0555555555555554,9.550625696218901,0.2388023111350747
monitor_output_test3.txt,11,Lee,110,0.8229808564865798,2.572357783240463,0.07382624401637465
monitor_output_test3.txt,11,SIMC,110,1.769419478802057,3.5101052361410625,0.13828629629629655
monitor_output_test3.txt,11,IMC_robusto,110,7.858389854718316,8.051211127945377,4.978385216649091
monitor_output_test3.txt,12,IMC,120,3.0226700251889165,9.64024540240831,0.23347745258989552
monitor_output_test3.txt,12,Lee,120,0.8515049858497205,2.715717215759427,0.07164968504688465
monitor_output_test3.txt,12,SIMC,120,1.7978600530165938,3.6746140701186376,0.13887052896725433
monitor_output_test3.txt,12,IMC_robusto,120,7.78827797918101,8.362754021592721,4.707779767013301
monitor_output_test3.txt,13,IMC,130,3.0232558139534884,11.096715730653006,0.20229834195007543
monitor_output_test3.txt,13,Lee,130,1.1941491659284476,4.383067345192984,0.05691223090092052
monitor_output_test3.txt,13,SIMC,130,2.3235922554491206,5.948670288676649,0.15548100775193777
monitor_output_test3.txt,13,IMC_robusto,130,7.909797354469296,12.630348382147103,3.215125704292981
monitor_output_test3.txt,14,IMC,140,3.03951367781155,10.25020462483494,0.2248489859083053
monitor_output_test3.txt,14,Lee,140,0.951811504011041,3.2098104218466887,0.06760006755159127
monitor_output_test3.txt,14,SIMC,140,1.9370080073344607,4.288869814041533,0.1432907801418434
monitor_output_test3.txt,14,IMC_robusto,140,7.867132200310221,9.570124342997389,4.197569434421396
monitor_output_test3.txt,15,IMC,150,3.0450669914738127,10.824307024887561,0.20980398077313014
monitor_output_test3.txt,15,Lee,150,1.2176146468279165,4.3282577401971585,0.05875268585928978
monitor_output_test3.txt,15,SIMC,150,2.3676223696491268,5.890765522700041,0.16312829882257457
monitor_output_test3.txt,15,IMC_robusto,150,7.971731077931664,12.47144737410881,3.3072802215572223
monitor_output_test3.txt,16,IMC,160,2.9889781430973286,10.084169671350597,0.2213289397866595
monitor_output_test3.txt,16,Lee,160,1.0319633840003097,3.4816226016616247,0.06498203817468397
monitor_output_test3.txt,16,SIMC,160,2.047081536355346,4.645447634377544,0.1515830375490375
monitor_output_test3.txt,16,IMC_robusto,160,7.770173545812707,10.162625244120159,3.85600954027016
monitor_output_test3.txt,17,IMC,170,2.9961226647867463,9.83523589906738,0.22801209652874901
monitor_output_test3.txt,17,Lee,170,1.0349761946589835,3.3974693840229357,0.06693464014871829
monitor_output_test3.txt,17,SIMC,170,2.0528241755097008,4.533261877389824,0.15622482669486532
monitor_output_test3.txt,17,IMC_robusto,170,7.788934895404283,9.916098078151789,3.9709818938684553
monitor_output_test3.txt,18,IMC,180,2.9830957905203843,9.504951594236001,0.23392195913869743
monitor_output_test3.txt,18,Lee,180,1.0266527121726938,3.2711937592826286,0.06873844290681824
monitor_output_test3.txt,18,SIMC,180,2.037960966308164,4.364138358059285,0.1598084189592306
monitor_output_test3.txt,18,IMC_robusto,180,7.753749451645607,9.553632276950456,4.084487570390173
monitor_output_test3.txt,19,IMC,190,3.0163518018733133,9.477604236376157,0.23667316186937604
monitor_output_test3.txt,19,Lee,190,1.1696538485076977,3.6751403675213026,0.06702849234282546
monitor_output_test3.txt,19,SIMC,190,2.279106817507585,4.9690009429705455,0.17882642747526106
monitor_output_test3.txt,19,IMC_robusto,190,7.8845645152400365,10.595522080003166,3.808163922920295
monitor_output_test3.txt,20,IMC,200,3.0312215822976656,9.088629646069057,0.23739062997111146
monitor_output_test3.txt,20,Lee,200,1.3721459919370156,4.114158731873581,0.0629155594908373
monitor_output_test3.txt,20,SIMC,200,2.6817308994961433,5.840273399907529,0.2100202081438826
monitor_output_test3.txt,20,IMC_robusto,200,7.98710847652758,11.992595947388818,3.4526180516451275
monitor_output_test3.txt,21,IMC,210,3.003003003003003,8.507693187911338,0.262716520268409
monitor_output_test3.txt,21,Lee,210,1.1287430351810506,3.19779881062696,0.07520003522236396
monitor_output_test3.txt,21,SIMC,210,2.206674629512788,4.300730334486711,0.19305005005005008
monitor_output_test3.txt,21,IMC_robusto,210,7.837807594763254,9.235886169284193,4.317110823016555
monitor_output_test3.txt,22,IMC,220,2.9858849077090115,7.313675723487844,0.2642265289392356
monitor_output_test3.txt,22,Lee,220,1.5462049347065852,3.7872998605218573,0.06445750805134733
monitor_output_test3.txt,22,SIMC,220,3.13317286124098,5.824282667982113,0.27726031487513614
monitor_output_test3.txt,22,IMC_robusto,220,7.929557822057666,11.5363463140339,3.5376285387232924
monitor_output_test3.txt,23,IMC,230,2.9963522668056273,7.53710194468989,0.28976028621694994
monitor_output_test3.txt,23,Lee,230,1.2302392533766664,3.0945756184216413,0.08030463921865907
monitor_output_test3.txt,23,SIMC,230,2.390250413585072,4.240551415441928,0.23114760291818592
monitor_output_test3.txt,23,IMC_robusto,230,7.8546687868639165,8.921447276355178,4.488518431204734
monitor_output_test3.txt,24,IMC,240,2.974346263477506,6.085127163078391,0.2821321745169424
monitor_output_test3.txt,24,Lee,240,1.7338100143494242,3.5471506944184017,0.062088138329994165
monitor_output_test3.txt,24,SIMC,240,3.7628047393926805,6.0928314262510215,0.3569215516173012
monitor_output_test3.txt,24,IMC_robusto,240,7.961578134813731,11.663874413197048,3.527264775145957
monitor_output_test3.txt,25,IMC,250,3.092145949288807,6.638711715503849,0.33385695212031674
monitor_output_test3.txt,25,Lee,250,1.438092286765755,3.0875257082620453,0.08721472931741148
monitor_output_test3.txt,25,SIMC,250,2.8229954340501244,4.4398169245687935,0.30479694908266364
monitor_output_test3.txt,25,IMC_robusto,250,8.159864991375143,9.053205427370115,4.773601313025973
monitor_output_test2.txt,2,IMC,20,20.0,7.892457375797386,1.908969088369859
monitor_output_test2.txt,2,Lee,20,0.3998682173335234,0.15779714306204595,0.636068667929901
monitor_output_test2.txt,2,SIMC,20,6.938684033194204,1.3964543123289859,0.6622866666666618
monitor_output_test2.txt,2,IMC_robusto,20,47.15911066056315,3.654604265970991,394.97847533643426
monitor_output_test2.txt,3,IMC,30,6.000000000000001,4.616792737169451,0.6719001496571866
monitor_output_test2.txt,3,Lee,30,0.2999980609476484,0.23083814482467024,0.22340680699904425
monitor_output_test2.txt,3,SIMC,30,2.2105248834336533,0.8929840575291194,0.24754200000000107
monitor_output_test2.txt,3,IMC_robusto,30,14.5557446316288,2.335678688612601,58.87600454251965
monitor_output_test2.txt,4,IMC,40,4.444444444444445,7.659018944774829,0.4140164717005964
monitor_output_test2.txt,4,Lee,40,0.49625465474209934,0.8551853554730469,0.13628492753194538
monitor_output_test2.txt,4,SIMC,40,1.8539013094324739,1.7757556313630778,0.1726977777777784
monitor_output_test2.txt,4,IMC_robusto,40,11.06732218380693,4.5031117984307345,17.6544807890012
monitor_output_test2.txt,5,IMC,50,3.8461538461538463,7.0073465722197845,0.3737222772622031
monitor_output_test2.txt,5,Lee,50,0.4994689843976237,0.9099875916946842,0.12247325967741476
monitor_output_test2.txt,5,SIMC,50,1.66472540778644,1.7134243547985235,0.1617576923076915
monitor_output_test2.txt,5,IMC_robusto,50,9.626963764179921,4.2971214039922465,13.998568394572587
monitor_output_test2.txt,6,IMC,60,3.75,9.953246284453146,0.31709769090160583
monitor_output_test2.txt,6,Lee,60,0.768390818382426,2.0394621488194113,0.10126137004156475
monitor_output_test2.txt,6,SIMC,60,1.8942752651150283,3.028998792917948,0.1601787500000007
monitor_output_test2.txt,6,IMC_robusto,60,9.541377638703922,7.2410537905704055,8.160240707850305
monitor_output_test2.txt,7,IMC,70,3.3783783783783785,8.12745144254136,0.30197939166025933
monitor_output_test2.txt,7,Lee,70,0.6268564710373169,1.508044676820394,0.09719421904303276
monitor_output_test2.txt,7,SIMC,70,1.6392381224238513,2.3376411399640804,0.14652477477477463
monitor_output_test2.txt,7,IMC_robusto,70,8.564105664946997,5.658577303575159,8.412776547590475
monitor_output_test2.txt,8,IMC,80,3.3333333333333335,10.790349974211056,0.2562318118508259
monitor_output_test2.txt,8,Lee,80,1.012220013701274,3.2766624596212366,0.07753463233649054
monitor_output_test2.txt,8,SIMC,80,2.0802054630325517,4.389341417010715,0.15990444444444507
monitor_output_test2.txt,8,IMC_robusto,80,8.61612471354455,9.852390900923346,4.890630945283936
monitor_output_test2.txt,9,IMC,90,3.214285714285714,9.259148759130019,0.25984717275802127
monitor_output_test2.txt,9,Lee,90,0.7275236010988512,2.09572198837625,0.08217839190202253
monitor_output_test2.txt,9,SIMC,90,1.6983398215818657,2.9998000914629914,0.13729607142857203
monitor_output_test2.txt,9,IMC_robusto,90,8.209500570286512,7.072758359446277,6.184822312358893
monitor_output_test2.txt,10,IMC,100,3.125,9.772908871143017,0.2431226842848111
monitor_output_test2.txt,10,Lee,100,0.8261225109132347,2.583558404977566,0.07537728793278972
monitor_output_test2.txt,10,SIMC,100,1.7903314269998845,3.539547470581494,0.13928645833333383
monitor_output_test2.txt,10,IMC_robusto,100,8.030854442399265,8.144499118068195,5.139746521901346
monitor_output_test2.txt,11,IMC,110,3.1117397454031117,10.802888922304728,0.22366729799109636
monitor_output_test2.txt,11,Lee,110,0.9786042174692597,3.3973768776250375,0.06718200819463932
monitor_output_test2.txt,11,SIMC,110,1.9889478367974756,4.5382310629356075,0.14296265912305514
monitor_output_test2.txt,11,IMC_robusto,110,8.05557972166911,10.118099709766586,4.16272017672614
monitor_output_test2.txt,12,IMC,120,3.0769230769230766,11.077592163489737,0.2122499371540505
monitor_output_test2.txt,12,Lee,120,1.139922763803363,4.1039698294698015,0.0610394276733066
monitor_output_test2.txt,12,SIMC,120,2.232818479046606,5.508371725784148,0.15402256410256454
monitor_output_test2.txt,12,IMC_robusto,120,8.025181900916575,11.867678752273964,3.522301771432793
monitor_output_test2.txt,13,IMC,130,3.090087948657,10.738924534814519,0.2211821297062657
monitor_output_test2.txt,13,Lee,130,0.935282165894533,3.2503685219265384,0.06697320005018245
monitor_output_test2.txt,13,SIMC,130,1.92418697767945,4.355541973881629,0.1377293399889068
monitor_output_test2.txt,13,IMC_robusto,130,7.986247217965,9.782604954988365,4.231687188628107
monitor_output_test2.txt,14,IMC,140,3.0434782608695654,11.057824682612786,0.2045605575355204
monitor_output_test2.txt,14,Lee,140,1.2314820711279328,4.474325648188744,0.05702294004006863
monitor_output_test2.txt,14,SIMC,140,2.3934466879074567,6.107382832876896,0.16087014492753662
monitor_output_test2.txt,14,IMC_robusto,140,7.972310451830001,12.893850723148368,3.199398521096024
monitor_output_test2.txt,15,IMC,150,3.058103975535168,10.867327433863373,0.20339936476341536
monitor_output_test2.txt,15,Lee,150,1.3636923746457554,4.84603913826856,0.054317715483143215
monitor_output_test2.txt,15,SIMC,150,2.660178709509383,6.834359384818944,0.17693272171253818
monitor_output_test2.txt,15,IMC_robusto,150,8.051356301328411,14.087810543568274,2.9866007015686997
monitor_output_test2.txt,16,IMC,160,3.018867924528302,10.469584075160611,0.20857189538176543
monitor_output_test2.txt,16,Lee,160,1.299824679695727,4.507856622833034,0.05663506482943557
monitor_output_test2.txt,16,SIMC,160,2.528065658611806,6.2712172955378325,0.1746626415094339
monitor_output_test2.txt,16,IMC_robusto,160,7.933191288167558,13.041359392355254,3.13224382863107
monitor_output_test2.txt,17,IMC,170,3.0476873431337395,10.177735732872929,0.21279512072937024
monitor_output_test2.txt,17,Lee,170,1.4006206101112613,4.677365105657466,0.055950713485531225
monitor_output_test2.txt,17,SIMC,170,2.7436758887091024,6.686640952006223,0.19156848332735796
monitor_output_test2.txt,17,IMC_robusto,170,8.037196101249862,13.677071080404993,3.0654807889550075
monitor_output_test2.txt,18,IMC,180,3.0065141139134792,9.73782369298217,0.22455329674556732
monitor_output_test2.txt,18,Lee,180,1.2578672188731603,4.074116648873694,0.061748987590269325
monitor_output_test2.txt,18,SIMC,180,2.4439701921327748,5.6138054258246735,0.18253749791214366
monitor_output_test2.txt,18,IMC_robusto,180,7.888911812178414,11.756926533333202,3.435761201277482
monitor_output_test2.txt,19,IMC,190,3.01252576502299,9.202851301594288,0.2462454266467998
monitor_output_test2.txt,19,Lee,190,1.050618112304871,3.209493633070929,0.07209848534198465
monitor_output_test2.txt,19,SIMC,190,2.0796639095095824,4.284362658855191,0.16999281221922782
monitor_output_test2.txt,19,IMC_robusto,190,7.835011415544672,9.352743818328404,4.260129503372278
monitor_output_test2.txt,20,IMC,200,3.0298439630359035,9.011559371644555,0.24915227792164565
monitor_output_test2.txt,20,Lee,200,1.2184183118892344,3.623899148287148,0.06962014379025473
monitor_output_test2.txt,20,SIMC,200,2.368589587420115,4.938903760014251,0.1947755390597385
monitor_output_test2.txt,20,IMC_robusto,200,7.934131861615628,10.44224881767007,3.912797420970186
monitor_output_test2.txt,21,IMC,210,3.028118240807498,7.970126984873656,0.2516534375028173
monitor_output_test2.txt,21,Lee,210,1.5488896209526983,4.076738747577397,0.06193739177993428
monitor_output_test2.txt,21,SIMC,210,3.1231865961498766,6.212539701087624,0.25955414563806806
monitor_output_test2.txt,21,IMC_robusto,210,8.035599042115313,12.347560358689183,3.3942039287214576
monitor_output_test2.txt,22,IMC,220,2.9956427015250546,8.097502480831821,0.2728164963219366
monitor_output_test2.txt,22,Lee,220,1.170344309428111,3.163550160437006,0.07705860274033238
monitor_output_test2.txt,22,SIMC,220,2.2790444634594684,4.283628294813632,0.2075551016702984
monitor_output_test2.txt,22,IMC_robusto,220,7.833309385953448,9.118313666277485,4.367758373897885
monitor_output_test2.txt,23,IMC,230,2.987789036113276,6.799431147173878,0.2719091108204588
monitor_output_test2.txt,23,Lee,230,1.6340671838691068,3.7187121220003925,0.06352556215764861
monitor_output_test2.txt,23,SIMC,230,3.4002877123940074,5.9851470239509,0.3094492941889667
monitor_output_test2.txt,23,IMC_robusto,230,7.962473817118847,11.672981312860832,3.5253059762901473
monitor_output_test2.txt,24,IMC,240,2.9943855271366187,6.157441859120109,0.2889709801067222
monitor_output_test2.txt,24,Lee,240,1.710284838386172,3.5169083471251397,0.06490016858493322
monitor_output_test2.txt,24,SIMC,240,3.656929443795817,5.907458441505526,0.35290929507174096
monitor_output_test2.txt,24,IMC_robusto,240,8.003642283783769,11.377177297343003,3.65446146604721
monitor_output_test2.txt,25,IMC,250,3.136369338853344,6.222905649267354,0.31370581942842746
monitor_output_test2.txt,25,Lee,250,1.791294104805008,3.5541267624959474,0.07045868539111706
monitor_output_test2.txt,25,SIMC,250,3.8300143976241836,5.969669203050883,0.3830855601555641
monitor_output_test2.txt,25,IMC_robusto,250,8.383120003536094,11.49715250142954,3.967378606633485
monitor_output_test4.txt,2,IMC,20,10.0,3.775003737253701,1.0044391896123905
monitor_output_test4.txt,2,Lee,20,0.20135417091882762,0.07601127477301947,0.3346773182626636
monitor_output_test4.txt,2,SIMC,20,3.4703278898132583,0.6682142400162934,0.3485733333333306
monitor_output_test4.txt,2,IMC_robusto,20,23.584664955741925,1.748892005800214,206.43294220597906
monitor_output_test4.txt,3,IMC,30,6.0,5.83987927022922,0.5717445552810265
monitor_output_test4.txt,3,Lee,30,0.3272770381683617,0.31854306513690545,0.19001448409547908
monitor_output_test4.txt,3,SIMC,30,2.23077244587505,1.1448365713163524,0.21257199999999973
monitor_output_test4.txt,3,IMC_robusto,30,14.595898787533336,2.9897361861177627,46.249963185281985
monitor_output_test4.txt,4,IMC,40,4.444444444444445,8.542261021171774,0.4020142735031248
monitor_output_test4.txt,4,Lee,40,0.5607028229584137,1.0776757205291927,0.13187195485010206
monitor_output_test4.txt,4,SIMC,40,1.9092498192265865,2.066272029569674,0.1726977777777784
monitor_output_test4.txt,4,IMC_robusto,40,11.113422575475957,5.193903130531875,15.434209249521448
monitor_output_test4.txt,5,IMC,50,3.846153846153846,6.63337552381279,0.3798645054045758
monitor_output_test4.txt,5,Lee,50,0.4699221605119634,0.8104642409856936,0.12473130942207908
monitor_output_test4.txt,5,SIMC,50,1.6389369252438235,1.5859979012964494,0.16186923076923074
monitor_output_test4.txt,5,IMC_robusto,50,9.606835107540423,3.9964026797949477,14.989046415689943
monitor_output_test4.txt,6,IMC,60,3.5294117647058822,8.401571009763115,0.3169902005363981
monitor_output_test4.txt,6,Lee,60,0.6467378090075423,1.53952386100472,0.10211545887859605
monitor_output_test4.txt,6,SIMC,60,1.7043610276608552,2.4002887449189227,0.1530752941176469
monitor_output_test4.txt,6,IMC_robusto,60,8.942854909599646,5.818874749828176,8.920638354004831
monitor_output_test4.txt,7,IMC,70,3.3333333333333335,8.229497646775146,0.2967089962893198
monitor_output_test4.txt,7,Lee,70,0.6493827014823823,1.6032280241117254,0.09514935200616352
monitor_output_test4.txt,7,SIMC,70,1.6487784783255572,2.4317979704156247,0.1467622222222224
monitor_output_test4.txt,7,IMC_robusto,70,8.46518405018838,5.851401986992253,7.9486879561207395
monitor_output_test4.txt,8,IMC,80,3.333333333333333,9.461928511345317,0.26994441285421944
monitor_output_test4.txt,8,Lee,80,0.7271177561820666,2.063980868497359,0.08569988074553407
monitor_output_test4.txt,8,SIMC,80,1.731097136106911,2.9928703077710157,0.1401900000000003
monitor_output_test4.txt,8,IMC_robusto,80,8.501439169233524,7.093840942651519,6.6128097719164876
monitor_output_test4.txt,9,IMC,90,3.2142857142857144,10.743328512364133,0.2402718997499432
monitor_output_test4.txt,9,Lee,90,1.0362946419692025,3.4636789519975735,0.07176572843288867
monitor_output_test4.txt,9,SIMC,90,2.0910063850724203,4.621080072116957,0.15630535714285695
monitor_output_test4.txt,9,IMC_robusto,90,8.330156617264596,10.252359127190589,4.393039375382782
monitor_output_test4.txt,10,IMC,100,3.125,9.152252479162142,0.25421915771454384
monitor_output_test4.txt,10,Lee,100,0.7608757998317498,2.228392776110275,0.07971612538956431
monitor_output_test4.txt,10,SIMC,100,1.7121720132991884,3.117699567898181,0.13928541666666702
monitor_output_test4.txt,10,IMC_robusto,100,8.004333959033596,7.270192798334861,5.7198816788042075
monitor_output_test4.txt,11,IMC,110,3.0555555555555554,9.550625696218901,0.2388023111350747
monitor_output_test4.txt,11,Lee,110,0.8229808564865798,2.572357783240463,0.07382624401637465
monitor_output_test4.txt,11,SIMC,110,1.769419478802057,3.5101052361410625,0.13828629629629655
monitor_output_test4.txt,11,IMC_robusto,110,7.858389854718316,8.051211127945377,4.978385216649091
monitor_output_test4.txt,12,IMC,120,3.0226700251889165,9.64024540240831,0.23347745258989552
monitor_output_test4.txt,12,Lee,120,0.8515049858497205,2.715717215759427,0.07164968504688465
monitor_output_test4.txt,12,SIMC,120,1.7978600530165938,3.6746140701186376,0.13887052896725433
monitor_output_test4.txt,12,IMC_robusto,120,7.78827797918101,8.362754021592721,4.707779767013301
monitor_output_test4.txt,13,IMC,130,3.0232558139534884,11.096715730653006,0.20229834195007543
monitor_output_test4.txt,13,Lee,130,1.1941491659284476,4.383067345192984,0.05691223090092052
monitor_output_test4.txt,13,SIMC,130,2.3235922554491206,5.948670288676649,0.15548100775193777
monitor_output_test4.txt,13,IMC_robusto,130,7.909797354469296,12.630348382147103,3.215125704292981
monitor_output_test4.txt,14,IMC,140,3.03951367781155,10.25020462483494,0.2248489859083053
monitor_output_test4.txt,14,Lee,140,0.951811504011041,3.2098104218466887,0.06760006755159127
monitor_output_test4.txt,14,SIMC,140,1.9370080073344607,4.288869814041533,0.1432907801418434
monitor_output_test4.txt,14,IMC_robusto,140,7.867132200310221,9.570124342997389,4.197569434421396
monitor_output_test4.txt,15,IMC,150,3.0450669914738127,10.824307024887561,0.20980398077313014
monitor_output_test4.txt,15,Lee,150,1.2176146468279165,4.3282577401971585,0.05875268585928978
monitor_output_test4.txt,15,SIMC,150,2.3676223696491268,5.890765522700041,0.16312829882257457
monitor_output_test4.txt,15,IMC_robusto,150,7.971731077931664,12.47144737410881,3.3072802215572223
monitor_output_test4.txt,16,IMC,160,2.9889781430973286,10.084169671350597,0.2213289397866595
monitor_output_test4.txt,16,Lee,160,1.0319633840003097,3.4816226016616247,0.06498203817468397
monitor_output_test4.txt,16,SIMC,160,2.047081536355346,4.645447634377544,0.1515830375490375
monitor_output_test4.txt,16,IMC_robusto,160,7.770173545812707,10.162625244120159,3.85600954027016
monitor_output_test4.txt,17,IMC,170,2.9961226647867463,9.83523589906738,0.22801209652874901
monitor_output_test4.txt,17,Lee,170,1.0349761946589835,3.3974693840229357,0.06693464014871829
monitor_output_test4.txt,17,SIMC,170,2.0528241755097008,4.533261877389824,0.15622482669486532
monitor_output_test4.txt,17,IMC_robusto,170,7.788934895404283,9.916098078151789,3.9709818938684553
monitor_output_test4.txt,18,IMC,180,2.9830957905203843,9.504951594236001,0.23392195913869743
monitor_output_test4.txt,18,Lee,180,1.0266527121726938,3.2711937592826286,0.06873844290681824
monitor_output_test4.txt,18,SIMC,180,2.037960966308164,4.364138358059285,0.1598084189592306
monitor_output_test4.txt,18,IMC_robusto,180,7.753749451645607,9.553632276950456,4.084487570390173
monitor_output_test4.txt,19,IMC,190,3.0163518018733133,9.477604236376157,0.23667316186937604
monitor_output_test4.txt,19,Lee,190,1.1696538485076977,3.6751403675213026,0.06702849234282546
monitor_output_test4.txt,19,SIMC,190,2.279106817507585,4.9690009429705455,0.17882642747526106
monitor_output_test4.txt,19,IMC_robusto,190,7.8845645152400365,10.595522080003166,3.808163922920295
monitor_output_test4.txt,20,IMC,200,3.0312215822976656,9.088629646069057,0.23739062997111146
monitor_output_test4.txt,20,Lee,200,1.3721459919370156,4.114158731873581,0.0629155594908373
monitor_output_test4.txt,20,SIMC,200,2.6817308994961433,5.840273399907529,0.2100202081438826
monitor_output_test4.txt,20,IMC_robusto,200,7.98710847652758,11.992595947388818,3.4526180516451275
monitor_output_test4.txt,21,IMC,210,3.003003003003003,8.507693187911338,0.262716520268409
monitor_output_test4.txt,21,Lee,210,1.1287430351810506,3.19779881062696,0.07520003522236396
monitor_output_test4.txt,21,SIMC,210,2.206674629512788,4.300730334486711,0.19305005005005008
monitor_output_test4.txt,21,IMC_robusto,210,7.837807594763254,9.235886169284193,4.317110823016555
monitor_output_test4.txt,22,IMC,220,2.9858849077090115,7.313675723487844,0.2642265289392356
monitor_output_test4.txt,22,Lee,220,1.5462049347065852,3.7872998605218573,0.06445750805134733
monitor_output_test4.txt,22,SIMC,220,3.13317286124098,5.824282667982113,0.27726031487513614
monitor_output_test4.txt,22,IMC_robusto,220,7.929557822057666,11.5363463140339,3.5376285387232924
monitor_output_test4.txt,23,IMC,230,2.9963522668056273,7.53710194468989,0.28976028621694994
monitor_output_test4.txt,23,Lee,230,1.2302392533766664,3.0945756184216413,0.08030463921865907
monitor_output_test4.txt,23,SIMC,230,2.390250413585072,4.240551415441928,0.23114760291818592
monitor_output_test4.txt,23,IMC_robusto,230,7.8546687868639165,8.921447276355178,4.488518431204734
monitor_output_test4.txt,24,IMC,240,2.974346263477506,6.085127163078391,0.2821321745169424
monitor_output_test4.txt,24,Lee,240,1.7338100143494242,3.5471506944184017,0.062088138329994165
monitor_output_test4.txt,24,SIMC,240,3.7628047393926805,6.0928314262510215,0.3569215516173012
monitor_output_test4.txt,24,IMC_robusto,240,7.961578134813731,11.663874413197048,3.527264775145957
monitor_output_test4.txt,25,IMC,250,3.092145949288807,6.638711715503849,0.33385695212031674
monitor_output_test4.txt,25,Lee,250,1.438092286765755,3.0875257082620453,0.08721472931741148
monitor_output_test4.txt,25,SIMC,250,2.8229954340501244,4.4398169245687935,0.30479694908266364
monitor_output_test4.txt,25,IMC_robusto,250,8.159864991375143,9.053205427370115,4.773601313025973
monitor_output_test9.txt,2,IMC,20,10.0,5.438728642792463,0.9397550148939521
monitor_output_test9.txt,2,Lee,20,0.2776505336659952,0.1510065910135861,0.31301018648512785
monitor_output_test9.txt,2,SIMC,20,3.5237197789330157,0.984833030118057,0.33114333333333096
monitor_output_test9.txt,2,IMC_robusto,20,23.818680148247214,2.5838174840592534,142.51353911126517
monitor_output_test9.txt,3,IMC,30,4.999999999999999,7.480024594320869,0.5085720518754651
monitor_output_test9.txt,3,Lee,30,0.516372588097718,0.7724959317608103,0.1677159375271412
monitor_output_test9.txt,3,SIMC,30,2.050561625412904,1.6922301903715409,0.20857166666666593
monitor_output_test9.txt,3,IMC_robusto,30,12.418121027626817,4.312579519616668,23.209043004170535
monitor_output_test9.txt,4,IMC,40,4.444444444444445,6.385659341676833,0.3949353235134668
monitor_output_test9.txt,4,Lee,40,0.36100003762862365,0.5186752340915045,0.13077657897552286
monitor_output_test9.txt,4,SIMC,40,1.743424496877134,1.3541834288284105,0.15492148148148163
monitor_output_test9.txt,4,IMC_robusto,40,10.951100733249113,3.4936314257053334,22.28030004650245
monitor_output_test9.txt,5,IMC,50,3.846153846153846,7.128678710094102,0.3520428633300412
monitor_output_test9.txt,5,Lee,50,0.4669772360338919,0.8655219769594824,0.11561775533433688
monitor_output_test9.txt,5,SIMC,50,1.6363913081706998,1.700613267608674,0.1497807692307693
monitor_output_test9.txt,5,IMC_robusto,50,9.604772234682494,4.287215924058326,13.966299690642701
monitor_output_test9.txt,6,IMC,60,3.5294117647058827,8.8011524815803,0.30774640930727654
monitor_output_test9.txt,6,Lee,60,0.6711189357081534,1.673542357825614,0.09887305757658779
monitor_output_test9.txt,6,SIMC,60,1.7289344093373995,2.5655918808140172,0.15075411764705815
monitor_output_test9.txt,6,IMC_robusto,60,8.955070023471235,6.191954783436938,8.406065485773098
monitor_output_test9.txt,7,IMC,70,3.333333333333333,9.365084716556341,0.2714860809649037
monitor_output_test9.txt,7,Lee,70,0.7180724372666241,2.017442762287807,0.0862957853680272
monitor_output_test9.txt,7,SIMC,70,1.7212668816726964,2.938855136859577,0.1401900000000003
monitor_output_test9.txt,7,IMC_robusto,70,8.497363880183892,6.978017173533726,6.716128109313759
monitor_output_test9.txt,8,IMC,80,3.2,10.556439840663744,0.24247414026803443
monitor_output_test9.txt,8,Lee,80,1.0504272230937053,3.4652411836200536,0.07211555573837745
monitor_output_test9.txt,8,SIMC,80,2.1091581949096567,4.620928662308969,0.1598175999999995
monitor_output_test9.txt,8,IMC_robusto,80,8.29977399738454,10.214998965099538,4.377002346347668
monitor_output_test9.txt,9,IMC,90,3.136981526664343,9.329007903575924,0.248794051188944
monitor_output_test9.txt,9,Lee,90,0.738423458236537,2.1959830555328663,0.07833613593880183
monitor_output_test9.txt,9,SIMC,90,1.689497536874397,3.103531798387514,0.1339940745904493
monitor_output_test9.txt,9,IMC_robusto,90,8.02432467604389,7.274832180694914,5.744822026075431
monitor_output_test9.txt,10,IMC,100,3.125,9.517790654290996,0.24883620459062097
monitor_output_test9.txt,10,Lee,100,0.8145386864480818,2.4808347831788855,0.07731011890083893
monitor_output_test9.txt,10,SIMC,100,1.7761328041490008,3.409784359069906,0.1414291666666669
monitor_output_test9.txt,10,IMC_robusto,100,8.026242665540554,7.8644654983371876,5.316648314744505
monitor_output_test9.txt,11,IMC,110,3.055555555555556,10.873147339251865,0.21453434085152204
monitor_output_test9.txt,11,Lee,110,1.0525482388013365,3.745476681433196,0.06302591223470473
monitor_output_test9.txt,11,SIMC,110,2.0889488298669607,4.997054870554108,0.14666768518518544
monitor_output_test9.txt,11,IMC_robusto,110,7.942419879872185,10.93706853982248,3.743581774662938
monitor_output_test9.txt,12,IMC,120,3.0000000000000004,10.649494947702111,0.20989937733113
monitor_output_test9.txt,12,Lee,120,1.1106695624046956,3.942689964465106,0.060376491801667834
monitor_output_test9.txt,12,SIMC,120,2.1757282265756857,5.291438100135676,0.15222800000000003
monitor_output_test9.txt,12,IMC_robusto,120,7.824298978000043,11.402024522305345,3.4849092768015897
monitor_output_test9.txt,13,IMC,130,3.0232558139534884,10.879345257569941,0.21002312305497747
monitor_output_test9.txt,13,Lee,130,1.0168749240566661,3.659277965006465,0.06208759902945699
monitor_output_test9.txt,13,SIMC,130,2.02925057821391,4.87926119990937,0.14097038759689984
monitor_output_test9.txt,13,IMC_robusto,130,7.849941048997322,10.732488325593227,3.726618528070237
monitor_output_test9.txt,14,IMC,140,3.013344812742144,10.061621003583268,0.22492000246762647
monitor_output_test9.txt,14,Lee,140,0.9314202386110693,3.1100315491088852,0.06781024254987343
monitor_output_test9.txt,14,SIMC,140,1.9031969189602544,4.159538671096616,0.14205711005883143
monitor_output_test9.txt,14,IMC_robusto,140,7.794982141008374,9.30496040996875,4.238364392333341
monitor_output_test9.txt,15,IMC,150,2.9720626114523485,10.37045185344315,0.2080547791796477
monitor_output_test9.txt,15,Lee,150,1.2014099963242522,4.192093556547784,0.058019163837882304
monitor_output_test9.txt,15,SIMC,150,2.335075363647963,5.720714107408662,0.1634634436298792
monitor_output_test9.txt,15,IMC_robusto,150,7.7848556576515096,12.080325111320661,3.256155072031909
monitor_output_test9.txt,16,IMC,160,2.941717227431513,9.741591944470636,0.22198579704266824
monitor_output_test9.txt,16,Lee,160,0.9536508652760287,3.158045749734353,0.0662188243379269
monitor_output_test9.txt,16,SIMC,160,1.921309342524622,4.212538544824467,0.1449844946987797
monitor_output_test9.txt,16,IMC_robusto,160,7.625626917566231,9.335687795171689,4.042847510328264
monitor_output_test9.txt,17,IMC,170,2.9611565929280617,9.957182656144184,0.21288457464768593
monitor_output_test9.txt,17,Lee,170,1.2416162437474045,4.17505773161551,0.05848553649569162
monitor_output_test9.txt,17,SIMC,170,2.412479687731757,5.756828760599238,0.17343888985658726
monitor_output_test9.txt,17,IMC_robusto,170,7.770777944921731,12.050006311154828,3.252552358182323
monitor_output_test9.txt,18,IMC,180,2.9663810151615033,9.392676537826333,0.23413555932040922
monitor_output_test9.txt,18,Lee,180,1.0123585749905086,3.2055075145708987,0.06895524703641995
monitor_output_test9.txt,18,SIMC,180,2.0133609764593365,4.275359776054924,0.15891397495056003
monitor_output_test9.txt,18,IMC_robusto,180,7.70734769693579,9.375781633500585,4.112301916080182
monitor_output_test9.txt,19,IMC,190,2.9799247176913424,9.191114366541466,0.24130339456713665
monitor_output_test9.txt,19,Lee,190,1.0348655747934936,3.1918819275718597,0.07073384531110993
monitor_output_test9.txt,19,SIMC,190,2.0502843272756177,4.259950440325577,0.16602451902969498
monitor_output_test9.txt,19,IMC_robusto,190,7.74871522586005,9.307793988402436,4.186925287710764
monitor_output_test9.txt,20,IMC,200,2.985074626865672,8.989509871245957,0.24655002866305198
monitor_output_test9.txt,20,Lee,200,1.0918291696007407,3.288028047776445,0.07118865760495495
monitor_output_test9.txt,20,SIMC,200,2.1426808010736154,4.406396501243387,0.1769731343283578
monitor_output_test9.txt,20,IMC_robusto,200,7.780894019167583,9.520461279627602,4.12746673578111
monitor_output_test9.txt,21,IMC,210,2.9602480969833667,8.414146226126489,0.24797483608373697
monitor_output_test9.txt,21,Lee,210,1.2962904336572523,3.684548356415116,0.06680807791165176
monitor_output_test9.txt,21,SIMC,210,2.5241848320984492,5.158240180031571,0.21144657457005878
monitor_output_test9.txt,21,IMC_robusto,210,7.786114496985099,10.681719214279719,3.6836892525577856
monitor_output_test9.txt,22,IMC,220,2.9388191290408763,8.045497581386288,0.2623455737594488
monitor_output_test9.txt,22,Lee,220,1.1855768266229638,3.24571029121337,0.07321651674404339
monitor_output_test9.txt,22,SIMC,220,2.3044644606030285,4.42698004150039,0.2057173390328613
monitor_output_test9.txt,22,IMC_robusto,220,7.696997842326414,9.352849742941054,4.111320609487286
monitor_output_test9.txt,23,IMC,230,2.9445653565484573,6.845939796936103,0.26212465505915644
monitor_output_test9.txt,23,Lee,230,1.6116348636529174,3.7469554637917684,0.061200437218842677
monitor_output_test9.txt,23,SIMC,230,3.3550209850676778,6.034742243592837,0.29866333802756734
monitor_output_test9.txt,23,IMC_robusto,230,7.847672065247851,11.767173365383302,3.3969731513170327
monitor_output_test9.txt,24,IMC,240,2.916160388821385,6.390232835841592,0.28686838026005457
monitor_output_test9.txt,24,Lee,240,1.5209843870082704,3.332959466125566,0.06960993210279537
monitor_output_test9.txt,24,SIMC,240,3.091467986338791,5.1538553643642455,0.3041137302551642
monitor_output_test9.txt,24,IMC_robusto,240,7.747866931999813,10.187934903132183,3.824377179358799
monitor_output_test9.txt,25,IMC,250,2.921243281140453,5.626241952824113,0.27714311290659177
monitor_output_test9.txt,25,Lee,250,1.7880965723891393,3.4438295558010656,0.05776882809063356
monitor_output_test9.txt,25,SIMC,250,4.0468803375837465,6.282512361381275,0.3839341357014879
monitor_output_test9.txt,25,IMC_robusto,250,7.847959358375158,11.852376673403889,3.3728002279383005
