Arquivo,Teste,Metodo,PWM,Kp,Ki,Kd
monitor_output_test6.txt,2,IMC,20,10.0,6.833966728149587,0.06485001978433497
monitor_output_test6.txt,2,Lee,20,0.022307883031899966,0.01524513304154571,0.0216165656878765
monitor_output_test6.txt,2,SIMC,20,3.3482385056386352,1.1466397443458507,0.021713333333333765
monitor_output_test6.txt,2,IMC_robusto,20,22.066259527629036,2.8580074300880867,110.5800196890368
monitor_output_test6.txt,3,IMC,30,5.0,5.296747638047809,0.03403595514131513
monitor_output_test6.txt,3,Lee,30,0.01822609609089209,0.019307806284053017,0.011345167628123239
monitor_output_test6.txt,3,SIMC,30,1.6788618515161104,0.8924922686033289,0.011428333333333521
monitor_output_test6.txt,3,IMC_robusto,30,11.197347787979991,2.254471691475033,36.09675166489244
monitor_output_test6.txt,4,IMC,40,4.444444444444445,8.363140087300733,0.022636568967416396
monitor_output_test6.txt,4,Lee,40,0.021610383236592742,0.04066439902827312,0.00754534459551804
monitor_output_test6.txt,4,SIMC,40,1.4959587972159933,1.4143213407832997,0.0076192592592584495
monitor_output_test6.txt,4,IMC_robusto,40,10.039965270217966,3.599412623380184,18.176713359156512
monitor_output_test6.txt,5,IMC,50,3.846153846153846,10.237586746911601,0.02047070273969026
monitor_output_test6.txt,5,Lee,50,0.027841575659945095,0.07410794195724153,0.006823210022461817
monitor_output_test6.txt,5,SIMC,50,1.3007476721003564,1.7436786720542483,0.00692307692307673
monitor_output_test6.txt,5,IMC_robusto,50,8.793407448871985,4.480638745952132,11.201006179534449
monitor_output_test6.txt,6,IMC,60,3.5294117647058827,13.366604296605857,0.019828553766831052
monitor_output_test6.txt,6,Lee,60,0.03880419825884378,0.1469594362323519,0.006608718966840657
monitor_output_test6.txt,6,SIMC,60,1.2026276380225027,2.3023362413827173,0.006756470588235097
monitor_output_test6.txt,6,IMC_robusto,60,8.171984488519035,5.969260506063821,7.261345607749124
monitor_output_test6.txt,7,IMC,70,3.333333333333333,13.940935046395419,0.025151833511778774
monitor_output_test6.txt,7,Lee,70,0.05527116885767585,0.2311595324949637,0.008381639412250638
monitor_output_test6.txt,7,SIMC,70,1.1485798391342634,2.4416673167426226,0.008666666666667194
monitor_output_test6.txt,7,IMC_robusto,70,7.815037443046647,6.374880532167955,6.21831400729902
monitor_output_test6.txt,8,IMC,80,3.333333333333333,13.898588945757261,0.018957764293831038
monitor_output_test6.txt,8,Lee,80,0.04100574882448992,0.17097661419736634,0.006318298456435459
monitor_output_test6.txt,8,SIMC,80,1.1387887598072504,2.40333946725713,0.006476666666667007
monitor_output_test6.txt,8,IMC_robusto,80,7.744348182168179,6.244341517201286,6.233983754670211
monitor_output_test6.txt,9,IMC,90,3.2142857142857144,15.495611642782777,0.018206539643973334
monitor_output_test6.txt,9,Lee,90,0.04579757562380255,0.2207835609925305,0.006067614515454732
monitor_output_test6.txt,9,SIMC,90,1.1024015963402096,2.695121202877524,0.006244285714285893
monitor_output_test6.txt,9,IMC_robusto,90,7.501188240562858,7.0202899543424655,5.2022072659334855
monitor_output_test6.txt,10,IMC,100,3.125,17.116253594413262,0.024311922771462546
monitor_output_test6.txt,10,Lee,100,0.07127836428977198,0.3904059388731864,0.00809975813234089
monitor_output_test6.txt,10,SIMC,100,1.090294737586373,3.0539870018973634,0.008482291666666216
monitor_output_test6.txt,10,IMC_robusto,100,7.398432979195975,8.00272169551281,4.439400707309275
monitor_output_test6.txt,11,IMC,110,3.0555555555555554,18.55664398707381,0.023650926607459655
monitor_output_test6.txt,11,Lee,110,0.07746891574133918,0.4704751929196307,0.007878574612234028
monitor_output_test6.txt,11,SIMC,110,1.0715079273807315,3.336170569622335,0.008293796296295855
monitor_output_test6.txt,11,IMC_robusto,110,7.2575788480515575,8.748862748261338,3.907639537919312
monitor_output_test6.txt,12,IMC,120,3.0769230769230766,21.50784512093192,0.02386084230636124
monitor_output_test6.txt,12,Lee,120,0.09110313349714746,0.6368154277186756,0.007946641452095556
monitor_output_test6.txt,12,SIMC,120,1.0882296030164673,3.916002213141275,0.008438974358974257
monitor_output_test6.txt,12,IMC_robusto,120,7.343390172576641,10.276048546014495,3.406039134727151
monitor_output_test6.txt,13,IMC,130,3.0232558139534884,24.681754876568935,0.05561031257543908
monitor_output_test6.txt,13,Lee,130,0.3063948992696898,2.5013972566602853,0.01834637944849168
monitor_output_test6.txt,13,SIMC,130,1.2350510623958983,5.552388383156944,0.02271775193798425
monitor_output_test6.txt,13,IMC_robusto,130,7.503902705634138,14.165885740633742,2.5799615124842026
monitor_output_test6.txt,14,IMC,140,3.043478260869565,21.04698528996128,0.02454218034740762
monitor_output_test6.txt,14,Lee,140,0.09296275478617838,0.642878169249663,0.008173094236124027
monitor_output_test6.txt,14,SIMC,140,1.0784205932789899,3.8427735332565622,0.008696231884057996
monitor_output_test6.txt,14,IMC_robusto,140,7.270569168181232,10.08443236466728,3.4022634238959446
monitor_output_test6.txt,15,IMC,150,3.061224489795918,23.888475220126377,0.06276508163050207
monitor_output_test6.txt,15,Lee,150,0.34013163063580765,2.654240503141392,0.020663408078461544
monitor_output_test6.txt,15,SIMC,150,1.2755064715182962,5.529716260527418,0.026152040816325977
monitor_output_test6.txt,15,IMC_robusto,150,7.621635283290139,14.027306489854002,2.6878474233321636
monitor_output_test6.txt,16,IMC,160,2.962962962962963,19.408711187581517,0.029519810241029083
monitor_output_test6.txt,16,Lee,160,0.10776403949704806,0.7059018776642999,0.00982692044592582
monitor_output_test6.txt,16,SIMC,160,1.0622085794539218,3.605498083738134,0.010582716049382082
monitor_output_test6.txt,16,IMC_robusto,160,7.116676447327238,9.459684747458653,3.4750443578570427
monitor_output_test6.txt,17,IMC,170,2.9824561403508776,19.53646406319148,0.02971401217259681
monitor_output_test6.txt,17,Lee,170,0.10847338163675811,0.7105507080181448,0.009891568703849248
monitor_output_test6.txt,17,SIMC,170,1.0691970581350327,3.6292316819866213,0.010652339181286802
monitor_output_test6.txt,17,IMC_robusto,170,7.163497444106279,9.521954062395618,3.497894540211816
monitor_output_test6.txt,18,IMC,180,2.9508196721311473,13.545407762489411,0.1592547855372519
monitor_output_test6.txt,18,Lee,180,0.8627892748074544,3.960537694236332,0.048546605823924824
monitor_output_test6.txt,18,SIMC,180,1.7964732564662402,5.328852037144537,0.09695508196721286
monitor_output_test6.txt,18,IMC_robusto,180,7.615064420663495,12.046100059713492,3.124519720095562
monitor_output_test6.txt,19,IMC,190,3.015873015873016,17.587829222178247,0.08652492167260264
monitor_output_test6.txt,19,Lee,190,0.3584264637504061,2.090254927834413,0.028434265915272053
monitor_output_test6.txt,19,SIMC,190,1.2764707961159545,4.164382851797933,0.03662174603174608
monitor_output_test6.txt,19,IMC_robusto,190,7.52587483739183,10.514760780871354,3.496207168919035
monitor_output_test6.txt,20,IMC,200,2.9850746268656714,12.670633842122625,0.17113133296968616
monitor_output_test6.txt,20,Lee,200,0.789689904992384,3.351966997717999,0.053051588920162936
monitor_output_test6.txt,20,SIMC,200,1.710854854455333,4.591567691663439,0.09808159203980087
monitor_output_test6.txt,20,IMC_robusto,200,7.671485091084301,10.563940629594024,3.615892512083057
monitor_output_test6.txt,21,IMC,210,2.9577464788732395,12.154464842819767,0.17807428413197277
monitor_output_test6.txt,21,Lee,210,0.8564766464059781,3.5195765971812967,0.054380848651029094
monitor_output_test6.txt,21,SIMC,210,1.7896329232476553,4.7419176730894135,0.10774676056338026
monitor_output_test6.txt,21,IMC_robusto,210,7.629811893959386,10.738339404997435,3.518626007090887
monitor_output_test6.txt,22,IMC,220,2.9333333333333336,9.139220445266998,0.21674213137670903
monitor_output_test6.txt,22,Lee,220,1.3825076267554115,4.307400670970663,0.05619888173540884
monitor_output_test6.txt,22,SIMC,220,2.7210881050647915,6.236836495347844,0.20105946666666585
monitor_output_test6.txt,22,IMC_robusto,220,7.746587446090659,12.673154656533265,3.0733972162638956
monitor_output_test6.txt,23,IMC,230,2.911392405063291,8.679142770879729,0.2403819862429549
monitor_output_test6.txt,23,Lee,230,1.13825844271585,3.3932586748900735,0.0678794483800316
monitor_output_test6.txt,23,SIMC,230,2.216437669449679,4.5953484797493775,0.18300236286919808
monitor_output_test6.txt,23,IMC_robusto,230,7.61327642597728,9.780202554446921,3.846607914225023
monitor_output_test6.txt,24,IMC,240,2.926829268292683,8.446752394399134,0.22709906558857468
monitor_output_test6.txt,24,Lee,240,1.4463543419842397,4.174140642112528,0.057213442813895427
monitor_output_test6.txt,24,SIMC,240,2.88185940847419,6.213488387355493,0.22360975609756145
monitor_output_test6.txt,24,IMC_robusto,240,7.750674039384883,12.466732264474887,3.1275833010957013
monitor_output_test6.txt,25,IMC,250,3.048780487804878,7.1166013571415725,0.2688855299795659
monitor_output_test6.txt,25,Lee,250,1.6782946037521043,3.9175511987565574,0.062468479046735206
monitor_output_test6.txt,25,SIMC,250,3.5052809788669146,6.343160031825296,0.30914634146341435
monitor_output_test6.txt,25,IMC_robusto,250,8.128526747921361,12.348107082385686,3.4730086445239627
monitor_output_test5.txt,2,IMC,20,10.0,2.3212121183985306,10.544097836732437
monitor_output_test5.txt,2,Lee,20,4.010025339771474,0.930811941376273,2.9495249773936494
monitor_output_test5.txt,2,SIMC,20,7.796374294532197,1.2676998392414258,8.220573333333332
monitor_output_test5.txt,2,IMC_robusto,20,26.18288739094441,2.68207200535835,165.90031690262666
monitor_output_test5.txt,3,IMC,30,6.0,7.585982368912641,0.030657347360238202
monitor_output_test5.txt,3,Lee,30,0.019570983343926228,0.024744189098217892,0.010219007060069354
monitor_output_test5.txt,3,SIMC,30,2.013090019655392,1.2767564730214913,0.010286000000000683
monitor_output_test5.txt,3,IMC_robusto,30,13.391941192112196,3.2155957250667027,36.1999689004246
monitor_output_test5.txt,4,IMC,40,4.444444444444445,11.321247618469416,0.029947537225324623
monitor_output_test5.txt,4,Lee,40,0.03916262898420145,0.09975820952708818,0.009981737324799228
monitor_output_test5.txt,4,SIMC,40,1.5078220027178795,1.9373449365700044,0.010160000000000374
monitor_output_test5.txt,4,IMC_robusto,40,10.221868745733273,5.000173651252618,13.56307258328737
monitor_output_test5.txt,5,IMC,50,3.8461538461538463,12.991107716678998,0.027018848668275402
monitor_output_test5.txt,5,Lee,50,0.047343671525399214,0.15991215148727767,0.00900491825554514
monitor_output_test5.txt,5,SIMC,50,1.3140070850453547,2.2464693267045526,0.009230769230769353
monitor_output_test5.txt,5,IMC_robusto,50,8.935954653340115,5.836828434055512,8.87948049224557
monitor_output_test5.txt,6,IMC,60,3.5294117647058822,10.446775506977648,0.0199248557030452
monitor_output_test5.txt,6,Lee,60,0.030255066064097846,0.0895525668841156,0.0066411305163711605
monitor_output_test5.txt,6,SIMC,60,1.196815030302346,1.7864217387575294,0.006756470588236142
monitor_output_test5.txt,6,IMC_robusto,60,8.110604875196657,4.607902363840483,9.265861265864741
monitor_output_test5.txt,7,IMC,70,3.333333333333333,11.237817503462669,0.025041458089963897
monitor_output_test5.txt,7,Lee,70,0.043909537130969574,0.14803420948180618,0.008345704263071402
monitor_output_test5.txt,7,SIMC,70,1.1407748927413728,1.9483040649905117,0.008569999999999845
monitor_output_test5.txt,7,IMC_robusto,70,7.760465813493349,5.068245156218044,7.712595224913491
monitor_output_test5.txt,8,IMC,80,3.3333333333333335,21.0717736217216,0.030309742450247805
monitor_output_test5.txt,8,Lee,80,0.10527356890006513,0.6654902436638651,0.010093170229690843
monitor_output_test5.txt,8,SIMC,80,1.1835822799537485,3.8591760488623743,0.010762222222222563
monitor_output_test5.txt,8,IMC_robusto,80,7.971241237765279,10.127759821892623,4.072124847644514
monitor_output_test5.txt,9,IMC,90,3.2142857142857144,19.030308515132656,0.023913624601369282
monitor_output_test5.txt,9,Lee,90,0.07597241443796672,0.44979775101147446,0.007966755053228169
monitor_output_test5.txt,9,SIMC,90,1.1233029432277153,3.4038761093786336,0.008357142857143365
monitor_output_test5.txt,9,IMC_robusto,90,7.618143358574384,8.922124841196242,4.2219448814742195
monitor_output_test5.txt,10,IMC,100,3.225806451612903,19.590591892511885,0.024968720172100754
monitor_output_test5.txt,10,Lee,100,0.08178536559203856,0.4966893532289885,0.008317556775379892
monitor_output_test5.txt,10,SIMC,100,1.1312107151233592,3.52205690634618,0.008755913978495114
monitor_output_test5.txt,10,IMC_robusto,100,7.661960074189354,9.23633603922024,4.125367254108367
monitor_output_test5.txt,11,IMC,110,3.1428571428571432,19.53425887243817,0.024294174564353628
monitor_output_test5.txt,11,Lee,110,0.0815884058868815,0.5071083314130594,0.008092600753932975
monitor_output_test5.txt,11,SIMC,110,1.1034609716159354,3.5182742202480433,0.008529714285714616
monitor_output_test5.txt,11,IMC_robusto,110,7.470373646066888,9.227676142143448,3.925318290848946
monitor_output_test5.txt,12,IMC,120,3.0769230769230766,16.932406679157133,0.024173397682122965
monitor_output_test5.txt,12,Lee,120,0.07128237900717081,0.39226922488234955,0.00805347461152926
monitor_output_test5.txt,12,SIMC,120,1.0742896431326245,3.0244044828300805,0.008440000000000041
monitor_output_test5.txt,12,IMC_robusto,120,7.288092342392886,7.926218738453959,4.349549252219534
monitor_output_test5.txt,13,IMC,130,3.0232558139534884,20.85766393201298,0.02346596532397338
monitor_output_test5.txt,13,Lee,130,0.08832610403501805,0.6093682796816626,0.007815311992481729
monitor_output_test5.txt,13,SIMC,130,1.068408111258494,3.793187336937472,0.00829279069767446
monitor_output_test5.txt,13,IMC_robusto,130,7.2123287067455735,9.953457021912294,3.3920297370832166
monitor_output_test5.txt,14,IMC,140,3.0434782608695654,20.353221435198698,0.02459315754934427
monitor_output_test5.txt,14,Lee,140,0.08980803614592385,0.6005900780825898,0.008190581076527573
monitor_output_test5.txt,14,SIMC,140,1.07618522093016,3.704672801951712,0.008696231884057996
monitor_output_test5.txt,14,IMC_robusto,140,7.262809847813625,9.721422809993921,3.5217789100143357
monitor_output_test5.txt,15,IMC,150,3.0000000000000004,22.70439632794237,0.03482032384037197
monitor_output_test5.txt,15,Lee,150,0.15343187169858888,1.1611926747942551,0.011576414722478685
monitor_output_test5.txt,15,SIMC,150,1.1078012995179174,4.4063884184986915,0.012857999999999592
monitor_output_test5.txt,15,IMC_robusto,150,7.283077790452941,11.520986131546238,2.988290515889585
monitor_output_test5.txt,16,IMC,160,3.018867924528302,22.533153133830055,0.05863653867671265
monitor_output_test5.txt,16,Lee,160,0.29116543148605445,2.1732899282031704,0.019363694225171573
monitor_output_test5.txt,16,SIMC,160,1.2211196728234666,4.996827357602205,0.023718238993710117
monitor_output_test5.txt,16,IMC_robusto,160,7.480666115943429,12.784319814595042,2.8410932555600072
monitor_output_test5.txt,17,IMC,170,2.9824561403508776,20.24687732113332,0.07125326224475965
monitor_output_test5.txt,17,Lee,170,0.3381480025799114,2.2955714359025827,0.023445771797703265
monitor_output_test5.txt,17,SIMC,170,1.248411770965385,4.7179668451648675,0.029825555555555057
monitor_output_test5.txt,17,IMC_robusto,170,7.430598278052824,11.951899773700733,2.9984250367769243
monitor_output_test5.txt,18,IMC,180,3.0,13.647622925277009,0.1631097018403817
monitor_output_test5.txt,18,Lee,180,0.8670370750443466,3.9443316874801155,0.04982848376501211
monitor_output_test5.txt,18,SIMC,180,1.8129884161604668,5.315668321758226,0.09857199999999988
monitor_output_test5.txt,18,IMC_robusto,180,7.73817878419957,12.041862922788251,3.227501203217074
monitor_output_test5.txt,19,IMC,190,2.9999999999999996,17.980598933750514,0.0696178313869335
monitor_output_test5.txt,19,Lee,190,0.2732542931505782,1.637758617355346,0.02301341720750941
monitor_output_test5.txt,19,SIMC,190,1.200425211976445,3.925061836985991,0.02785700000000002
monitor_output_test5.txt,19,IMC_robusto,190,7.419844424914875,10.072492139408785,3.54760480543666
monitor_output_test5.txt,20,IMC,200,2.9850746268656714,16.678677399228746,0.05136651859753872
monitor_output_test5.txt,20,Lee,200,0.16999143476217393,0.9498028208451634,0.017066646075503962
monitor_output_test5.txt,20,SIMC,200,1.1151958934486348,3.292917465485458,0.01919004975124392
monitor_output_test5.txt,20,IMC_robusto,200,7.271585937145217,8.59165660003426,3.9945139734335506
monitor_output_test5.txt,21,IMC,210,3.0,11.951334167270886,0.17661243439115865
monitor_output_test5.txt,21,Lee,210,0.6937044757817247,2.7635646677996215,0.05572301599551386
monitor_output_test5.txt,21,SIMC,210,1.601574662481173,3.9278348558704423,0.09428599999999941
monitor_output_test5.txt,21,IMC_robusto,210,7.668579334241794,9.23169334390995,4.134576510177492
monitor_output_test5.txt,22,IMC,220,2.972972972972973,9.257776690222798,0.21804969016199194
monitor_output_test5.txt,22,Lee,220,1.421658209776778,4.42701442481461,0.05606278336366328
monitor_output_test5.txt,22,SIMC,220,2.8073219014949227,6.461144141551013,0.20590018018018047
monitor_output_test5.txt,22,IMC_robusto,220,7.857776884289897,13.078624495570965,3.0642196167309073
monitor_output_test5.txt,23,IMC,230,2.911392405063291,10.383904460494202,0.20266972027770438
monitor_output_test5.txt,23,Lee,230,0.8661308029862583,3.089181483354497,0.06157751094124233
monitor_output_test5.txt,23,SIMC,230,1.7924116841087847,4.14738264494292,0.12477451476793261
monitor_output_test5.txt,23,IMC_robusto,230,7.518854093433014,9.345316252537527,3.9263759837612517
monitor_output_test5.txt,24,IMC,240,2.962962962962963,8.46724143359922,0.2550450001473831
monitor_output_test5.txt,24,Lee,240,1.1619292718588174,3.3204382898382288,0.07194118010916911
monitor_output_test5.txt,24,SIMC,240,2.2620163406452205,4.499537200769449,0.19470913580246962
monitor_output_test5.txt,24,IMC_robusto,240,7.74928854998988,9.569570651729544,4.072994134805852
monitor_output_test5.txt,25,IMC,250,3.0864197530864197,8.661956710381482,0.26230788169804414
monitor_output_test5.txt,25,Lee,250,1.3454291106919076,3.775911783238916,0.07082090698035078
monitor_output_test5.txt,25,SIMC,250,2.6189200452461803,5.276952865128696,0.22257613168724313
monitor_output_test5.txt,25,IMC_robusto,250,8.11601414420301,10.939978020607489,3.907974434631761
monitor_output_test10.txt,2,IMC,20,9.999999999999998,5.170812624228775,0.06492059106524191
monitor_output_test10.txt,2,Lee,20,0.01686974762712327,0.008723030399788244,0.021640135436260092
monitor_output_test10.txt,2,SIMC,20,3.3445988363707286,0.8661734461705698,0.021713333333330805
monitor_output_test10.txt,2,IMC_robusto,20,21.881703519617925,2.1420487437537097,145.0826509662498
monitor_output_test10.txt,3,IMC,30,4.999999999999999,7.4035959265415245,0.033941792862190054
monitor_output_test10.txt,3,Lee,30,0.025516487490668014,0.037782752569111504,0.01131363629805802
monitor_output_test10.txt,3,SIMC,30,1.6837649157790293,1.2529532344912588,0.01142999999999894
monitor_output_test10.txt,3,IMC_robusto,30,11.311444399811329,3.1926227598447414,26.01184143021041
monitor_output_test10.txt,4,IMC,40,4.0,9.096728929985895,0.027004161153098897
monitor_output_test10.txt,4,Lee,40,0.03143784115821886,0.0714953797900677,0.009000831025308886
monitor_output_test10.txt,4,SIMC,40,1.3544579219710102,1.5522467558479063,0.009143999999999153
monitor_output_test10.txt,4,IMC_robusto,40,9.167912319448167,3.9961945644251897,13.651389260300586
monitor_output_test10.txt,5,IMC,50,3.846153846153846,15.092870203580178,0.020329122674093814
monitor_output_test10.txt,5,Lee,50,0.04118713527456829,0.16162434255665306,0.006775597141980762
monitor_output_test10.txt,5,SIMC,50,1.309806594302399,2.5974568814064005,0.006923076923076731
monitor_output_test10.txt,5,IMC_robusto,50,8.898255008286192,6.730943398712199,7.635128133698954
monitor_output_test10.txt,6,IMC,60,3.5294117647058827,14.450115311920202,0.019796180776722502
monitor_output_test10.txt,6,Lee,60,0.04199452550475296,0.171933958537032,0.006597792723439249
monitor_output_test10.txt,6,SIMC,60,1.2048040629729233,2.495699785755262,0.006757647058823496
monitor_output_test10.txt,6,IMC_robusto,60,8.191602426919856,6.480333091142225,6.720831011591516
monitor_output_test10.txt,7,IMC,70,3.3333333333333335,18.193164100520935,0.024633787252775347
monitor_output_test10.txt,7,Lee,70,0.07168948371491153,0.3912775624521026,0.008207464344252166
monitor_output_test10.txt,7,SIMC,70,1.1599545689366957,3.2335662027154584,0.008572222222221388
monitor_output_test10.txt,7,IMC_robusto,70,7.877441500266511,8.46880821537638,4.7558773761359445
monitor_output_test10.txt,8,IMC,80,3.2,14.016368490327576,0.02411022547168548
monitor_output_test10.txt,8,Lee,80,0.05562111192314293,0.24362687517391374,0.008034313764011331
monitor_output_test10.txt,8,SIMC,80,1.104403331466397,2.460747873180504,0.008321066666667322
monitor_output_test10.txt,8,IMC_robusto,80,7.5132354001388,6.42888473394685,5.699029775067499
monitor_output_test10.txt,9,IMC,90,3.214285714285714,16.95267078026358,0.02404002808115873
monitor_output_test10.txt,9,Lee,90,0.06750392041999763,0.3560267633245033,0.008009808399081652
monitor_output_test10.txt,9,SIMC,90,1.1173965690586687,3.0085501055679273,0.008357142857143365
monitor_output_test10.txt,9,IMC_robusto,90,7.590567087808326,7.877639701093749,4.747171322606362
monitor_output_test10.txt,10,IMC,100,3.125,18.55342644679617,0.024216626068678648
monitor_output_test10.txt,10,Lee,100,0.07741153619167998,0.459599757717067,0.008067255286026895
monitor_output_test10.txt,10,SIMC,100,1.0945852400396396,3.3298204563115332,0.008482291666667141
monitor_output_test10.txt,10,IMC_robusto,100,7.417223686973986,8.73092852216511,4.089826582035859
monitor_output_test10.txt,11,IMC,110,3.0555555555555554,17.64717584223556,0.02371123202955878
monitor_output_test10.txt,11,Lee,110,0.07358070474104048,0.42496089877988413,0.007899160687710051
monitor_output_test10.txt,11,SIMC,110,1.0687827320908916,3.1606670750371637,0.008293796296295857
monitor_output_test10.txt,11,IMC_robusto,110,7.246092226503763,8.285782238902565,4.112981653992576
monitor_output_test10.txt,12,IMC,120,3.076923076923077,20.821604913690567,0.023910035019336875
monitor_output_test10.txt,12,Lee,120,0.08812412554555572,0.5963378607790589,0.00796347411864066
monitor_output_test10.txt,12,SIMC,120,1.0861226572118643,3.7801583492105224,0.008440000000000041
monitor_output_test10.txt,12,IMC_robusto,120,7.335850236551209,9.918720183893825,3.5215012541200275
monitor_output_test10.txt,13,IMC,130,3.0232558139534884,20.458437386126196,0.023492999524813558
monitor_output_test10.txt,13,Lee,130,0.08658707684417975,0.5859366190212847,0.007824576314245765
monitor_output_test10.txt,13,SIMC,130,1.0671786573767739,3.714225354747549,0.008292790697674461
monitor_output_test10.txt,13,IMC_robusto,130,7.207899360332291,9.745719250453815,3.4600797206179337
monitor_output_test10.txt,14,IMC,140,2.9787234042553195,18.92232110111145,0.02414322030738101
monitor_output_test10.txt,14,Lee,140,0.0833709925106578,0.5296136890559725,0.008041435705796705
monitor_output_test10.txt,14,SIMC,140,1.0500888951879195,3.428693762551768,0.008511205673758888
monitor_output_test10.txt,14,IMC_robusto,140,7.096683843205454,8.99582423199871,3.633728937736829
monitor_output_test10.txt,15,IMC,150,3.0000000000000004,24.112072914908403,0.03957706020784771
monitor_output_test10.txt,15,Lee,150,0.19245457305730945,1.5468262327884703,0.013138061352948018
monitor_output_test10.txt,15,SIMC,150,1.1370981008609253,4.862780915171354,0.015001000000000708
monitor_output_test10.txt,15,IMC_robusto,150,7.335794755921665,12.649767114171617,2.761177887675817
monitor_output_test10.txt,16,IMC,160,2.909090909090909,13.90362830387685,0.15212180108122417
monitor_output_test10.txt,16,Lee,160,0.9470374411503927,4.5262444464908365,0.04533336287676983
monitor_output_test10.txt,16,SIMC,160,1.9057971849852406,6.036868682502441,0.09965769696969684
monitor_output_test10.txt,16,IMC_robusto,160,7.542457234696887,13.367447444094816,2.762229763414497
monitor_output_test10.txt,17,IMC,170,2.9310344827586206,20.33569446695659,0.03938998598631334
monitor_output_test10.txt,17,Lee,170,0.16088967574105106,1.1162622985173438,0.013090433253149474
monitor_output_test10.txt,17,SIMC,170,1.090500913367293,3.990635146715795,0.014655172413792793
monitor_output_test10.txt,17,IMC_robusto,170,7.131609796468786,10.420202149348237,3.167973751026227
monitor_output_test10.txt,18,IMC,180,2.9508196721311473,13.73454848988063,0.15828229602507327
monitor_output_test10.txt,18,Lee,180,1.0320499913745864,4.803662109341244,0.04630679127988587
monitor_output_test10.txt,18,SIMC,180,2.041712852507489,6.4134218706062045,0.10951770491803342
monitor_output_test10.txt,18,IMC_robusto,180,7.675538963369648,13.991941323230524,2.7328913060072475
monitor_output_test10.txt,19,IMC,190,2.96875,13.316004772456118,0.1639263258479631
monitor_output_test10.txt,19,Lee,190,0.8662043568825364,3.885265296899415,0.04999030979825818
monitor_output_test10.txt,19,SIMC,190,1.8049581601653688,5.229064888739636,0.0996648958333333
monitor_output_test10.txt,19,IMC_robusto,190,7.660652259827526,11.825103792459519,3.221136353759937
monitor_output_test10.txt,20,IMC,200,2.898550724637681,12.610838233589812,0.16400899869061653
monitor_output_test10.txt,20,Lee,200,0.8132103852636087,3.538066293359943,0.05036647699275898
monitor_output_test10.txt,20,SIMC,200,1.719739723319479,4.790654924032896,0.09730821256038646
monitor_output_test10.txt,20,IMC_robusto,200,7.467196122393912,10.910579320025793,3.317033655688774
monitor_output_test10.txt,21,IMC,210,2.916666666666667,12.011072149480867,0.17292724961547432
monitor_output_test10.txt,21,Lee,210,0.7836760212500461,3.2272420227608243,0.053480995103352136
monitor_output_test10.txt,21,SIMC,210,1.6866250204896962,4.405940906226098,0.09999888888888896
monitor_output_test10.txt,21,IMC_robusto,210,7.500446203835831,10.110187347254527,3.6115827541612835
monitor_output_test10.txt,22,IMC,220,2.9333333333333336,9.286814833576063,0.21235812965659898
monitor_output_test10.txt,22,Lee,220,1.3938359389898831,4.412828275153181,0.05480341789202409
monitor_output_test10.txt,22,SIMC,220,2.74830601903349,6.417751979715554,0.19896311111111084
monitor_output_test10.txt,22,IMC_robusto,220,7.750188621881674,13.012678442515442,2.9959904155608013
monitor_output_test10.txt,23,IMC,230,2.875,10.767608785619714,0.1855955918896031
monitor_output_test10.txt,23,Lee,230,0.7397783138146843,2.770658598692846,0.05776906574160223
monitor_output_test10.txt,23,SIMC,230,1.6223901120674635,3.8198871545798507,0.10473337500000014
monitor_output_test10.txt,23,IMC_robusto,230,7.38029092504064,8.829126265035786,4.004163556857133
monitor_output_test10.txt,24,IMC,240,2.8346456692913384,6.91707662514602,0.23613311816511182
monitor_output_test10.txt,24,Lee,240,1.5812469710402473,3.85854450186003,0.05421829213470585
monitor_output_test10.txt,24,SIMC,240,3.3289463191660387,6.327327728485102,0.2773096062992123
monitor_output_test10.txt,24,IMC_robusto,240,7.564356139088641,12.2701302238279,3.0267554742096068
monitor_output_test10.txt,25,IMC,250,2.906976744186047,8.13098271610014,0.2539164179412606
monitor_output_test10.txt,25,Lee,250,1.174127017741687,3.2841014317907673,0.07083125750719094
monitor_output_test10.txt,25,SIMC,250,2.282112435080608,4.480686942799659,0.19933624031007718
monitor_output_test10.txt,25,IMC_robusto,250,7.614055826518765,9.463644164267167,3.976090713393643
monitor_output_test3.txt,2,IMC,20,9.999999999999998,3.9209043801207013,0.08542196236166932
monitor_output_test3.txt,2,Lee,20,0.01683131744383107,0.006599398628871923,0.0284739067890062
monitor_output_test3.txt,2,SIMC,20,3.344573129687264,0.6567911802575509,0.028569999999999606
monitor_output_test3.txt,2,IMC_robusto,20,21.88020390749818,1.6241408794207544,191.32054322673923
monitor_output_test3.txt,3,IMC,30,6.0,6.495587331006467,0.030686188798578193
monitor_output_test3.txt,3,Lee,30,0.01675003324711811,0.01813355062565292,0.010228649882599932
monitor_output_test3.txt,3,SIMC,30,2.0111979498367565,1.0916985069122827,0.010286000000000685
monitor_output_test3.txt,3,IMC_robusto,30,13.329365602674978,2.7379506010097825,42.118793766914024
monitor_output_test3.txt,4,IMC,40,4.444444444444444,10.916068261449665,0.02996659368728957
monitor_output_test3.txt,4,Lee,40,0.03774912191182605,0.09271619810983767,0.009988143961416307
monitor_output_test3.txt,4,SIMC,40,1.5068631432308652,1.8662322998118306,0.010159999999999059
monitor_output_test3.txt,4,IMC_robusto,40,10.210503786251925,4.812798124228791,14.0598040843268
monitor_output_test3.txt,5,IMC,50,3.8461538461538463,8.42973223882814,0.020523419777145977
monitor_output_test3.txt,5,Lee,50,0.022895766682978554,0.0501813474604498,0.006840897496167787
monitor_output_test3.txt,5,SIMC,50,1.2974065347804005,1.4302463891591093,0.00692307692307673
monitor_output_test3.txt,5,IMC_robusto,50,8.741625022954427,3.6582561831834757,13.557911794596404
monitor_output_test3.txt,6,IMC,60,3.5294117647058827,11.971493479726067,0.02651350910412126
monitor_output_test3.txt,6,Lee,60,0.04678613689281579,0.1586949809469427,0.008836283352960609
monitor_output_test3.txt,6,SIMC,60,1.2080803676798406,2.0760176925427114,0.009075294117647056
monitor_output_test3.txt,6,IMC_robusto,60,8.218537002175232,5.401064976109653,8.116937475305468
monitor_output_test3.txt,7,IMC,70,3.3333333333333335,12.041584407593179,0.02499993681178626
monitor_output_test3.txt,7,Lee,70,0.04710685165035871,0.17017233909712934,0.008331647983197658
monitor_output_test3.txt,7,SIMC,70,1.1429658518418055,2.0936431428698707,0.008572222222222379
monitor_output_test3.txt,7,IMC_robusto,70,7.777073740696641,5.4528179823191705,7.199361906025679
monitor_output_test3.txt,8,IMC,80,3.333333333333334,14.553975236411153,0.018935496075882588
monitor_output_test3.txt,8,Lee,80,0.04296429297976733,0.18759037682323415,0.006310783417018353
monitor_output_test3.txt,8,SIMC,80,1.1401279798728734,2.5210907134170504,0.00647666666666602
monitor_output_test3.txt,8,IMC_robusto,80,7.7553340825844135,6.555768980413384,5.954700925503337
monitor_output_test3.txt,9,IMC,90,3.214285714285714,20.446524840482944,0.023830357299615613
monitor_output_test3.txt,9,Lee,90,0.08178078477125442,0.5202191080487778,0.00793831030511681
monitor_output_test3.txt,9,SIMC,90,1.1273724702376018,3.6769179872592996,0.008358214285714944
monitor_output_test3.txt,9,IMC_robusto,90,7.635423624456955,9.64265205887861,3.9242110063593483
monitor_output_test3.txt,10,IMC,100,3.125,14.754241549360623,0.02446854412668929
monitor_output_test3.txt,10,Lee,100,0.061249289950509905,0.2891797819701278,0.008153048169571414
monitor_output_test3.txt,10,SIMC,100,1.0833158409869998,2.607484260939575,0.008482291666666215
monitor_output_test3.txt,10,IMC_robusto,100,7.364127932341413,6.822423103359632,5.159250000070293
monitor_output_test3.txt,11,IMC,110,3.0555555555555554,16.2329229650408,0.023805008944339342
monitor_output_test3.txt,11,Lee,110,0.06755354402515082,0.3588844831120687,0.007931124488537913
monitor_output_test3.txt,11,SIMC,110,1.0645723935264082,2.8903385729469906,0.008293796296295855
monitor_output_test3.txt,11,IMC_robusto,110,7.227100197970627,7.571832876732354,4.477233091580027
monitor_output_test3.txt,12,IMC,120,3.0,16.682190371595805,0.023557341439951175
monitor_output_test3.txt,12,Lee,120,0.07024607609920484,0.39061947144818043,0.007848141814600376
monitor_output_test3.txt,12,SIMC,120,1.047953567380619,2.981918663371482,0.008229000000000042
monitor_output_test3.txt,12,IMC_robusto,120,7.10821992835021,7.815537395139573,4.196096239552775
monitor_output_test3.txt,13,IMC,130,3.0232558139534884,24.324403719987178,0.028301444166044194
monitor_output_test3.txt,13,Lee,130,0.12933619762856544,1.040608562532206,0.009416549278979162
monitor_output_test3.txt,13,SIMC,130,1.0978296326630055,4.605376426977952,0.010277054263565823
monitor_output_test3.txt,13,IMC_robusto,130,7.298401975719589,12.069812487846226,2.8644260105526773
monitor_output_test3.txt,14,IMC,140,2.9787234042553195,18.688270307141707,0.02416041816873646
monitor_output_test3.txt,14,Lee,140,0.08231127830770531,0.5164143190144002,0.008047323198507102
monitor_output_test3.txt,14,SIMC,140,1.0493414212367564,3.382702642216692,0.00851120567375889
monitor_output_test3.txt,14,IMC_robusto,140,7.0938830003472235,8.87472642941526,3.680405247431507
monitor_output_test3.txt,15,IMC,150,3.0612244897959187,23.69818185179005,0.03544324759410253
monitor_output_test3.txt,15,Lee,150,0.16033542500110914,1.2412216325937075,0.0117820057274325
monitor_output_test3.txt,15,SIMC,150,1.1332063936542485,4.616043608796363,0.013120408163265797
monitor_output_test3.txt,15,IMC_robusto,150,7.437312054021755,12.064104071073766,2.975908034262246
monitor_output_test3.txt,16,IMC,160,2.962962962962963,19.66283401163963,0.029485550832788542
monitor_output_test3.txt,16,Lee,160,0.10920589485530402,0.7247128669759395,0.009815165516546454
monitor_output_test3.txt,16,SIMC,160,1.0632442688052415,3.6579840255595455,0.010580740740740712
monitor_output_test3.txt,16,IMC_robusto,160,7.119622538410904,9.596858073358108,3.4282101727111605
monitor_output_test3.txt,17,IMC,170,2.9310344827586206,18.695802792273174,0.03459384835724245
monitor_output_test3.txt,17,Lee,170,0.1253248673724563,0.7993931900651032,0.011510200860243073
monitor_output_test3.txt,17,SIMC,170,1.0642933963193881,3.5394684822040703,0.01256143678160866
monitor_output_test3.txt,17,IMC_robusto,170,7.075654814976991,9.276318531198427,3.503000468436799
monitor_output_test3.txt,18,IMC,180,2.9508196721311473,18.248222357022573,0.03492469424571098
monitor_output_test3.txt,18,Lee,180,0.12217522836590823,0.7555462486567079,0.011621607882778943
monitor_output_test3.txt,18,SIMC,180,1.0685747166199855,3.440899293900157,0.012647213114753697
monitor_output_test3.txt,18,IMC_robusto,180,7.116241662458578,9.020615910513591,3.6437431662623214
monitor_output_test3.txt,19,IMC,190,2.96875,17.756796928036785,0.0770786978814638
monitor_output_test3.txt,19,Lee,190,0.31572854077607854,1.8884471858345122,0.025402300675222998
monitor_output_test3.txt,19,SIMC,190,1.2251183311550682,4.053515567818094,0.031808177083332924
monitor_output_test3.txt,19,IMC_robusto,190,7.380515443029541,10.311634019322817,3.4286919589931872
monitor_output_test3.txt,20,IMC,200,2.985074626865672,12.94377782730212,0.1718997378399597
monitor_output_test3.txt,20,Lee,200,0.9499081555531212,4.118959040810351,0.05149752407645637
monitor_output_test3.txt,20,SIMC,200,1.92387493054824,5.498450760939715,0.11078905472636791
monitor_output_test3.txt,20,IMC_robusto,200,7.7316737002273905,12.230561670531406,3.1723654077242665
monitor_output_test3.txt,21,IMC,210,2.957746478873239,11.577417321321407,0.18045377406438465
monitor_output_test3.txt,21,Lee,210,0.7261416273065173,2.842314144826096,0.05652577821086733
monitor_output_test3.txt,21,SIMC,210,1.6275293341720007,3.9673001252254876,0.09929647887323866
monitor_output_test3.txt,21,IMC_robusto,210,7.578424722578166,9.239382510978055,4.034572349518243
monitor_output_test3.txt,22,IMC,220,2.972972972972973,9.127444516339212,0.22702237059648492
monitor_output_test3.txt,22,Lee,220,1.35050424908668,4.146237693608217,0.06005856986264577
monitor_output_test3.txt,22,SIMC,220,2.6407454971169875,5.895179143022636,0.2016527927927926
monitor_output_test3.txt,22,IMC_robusto,220,7.835133915142364,12.094436430725565,3.294502065181941
monitor_output_test3.txt,23,IMC,230,2.987012987012987,11.01737058523482,0.19604354716149555
monitor_output_test3.txt,23,Lee,230,0.7725944507294917,2.8496559649359656,0.06097604947006434
monitor_output_test3.txt,23,SIMC,230,1.6904356694699851,3.9238725127434626,0.1109466233766236
monitor_output_test3.txt,23,IMC_robusto,230,7.6694415341258635,9.061738188178358,4.213068736491439
monitor_output_test3.txt,24,IMC,240,2.962962962962963,8.129711993774277,0.2387512372151387
monitor_output_test3.txt,24,Lee,240,1.4927227473800528,4.095699532679916,0.05938472884370835
monitor_output_test3.txt,24,SIMC,240,2.993168870053304,6.175021703271785,0.24118518518518445
monitor_output_test3.txt,24,IMC_robusto,240,7.855427456904473,12.32449525568753,3.2497733711980783
monitor_output_test3.txt,25,IMC,250,3.125,8.560213224639163,0.28214659782885626
monitor_output_test3.txt,25,Lee,250,1.1906070725354783,3.2613921304534785,0.0803970496390234
monitor_output_test3.txt,25,SIMC,250,2.3239456524396194,4.395642939171915,0.20982187500000007
monitor_output_test3.txt,25,IMC_robusto,250,8.161549302913958,9.410842395215802,4.5940877862384
monitor_output_test2.txt,2,IMC,20,20.0,8.211744765833885,0.032538235723064246
monitor_output_test2.txt,2,Lee,20,0.006686595019883932,0.00274543058278914,0.010846077362019322
monitor_output_test2.txt,2,SIMC,20,6.671125887530122,1.3699974550544418,0.010853333333334565
monitor_output_test2.txt,2,IMC_robusto,20,41.68746407530415,3.2316584108731097,349.0342759553281
monitor_output_test2.txt,3,IMC,30,6.0,5.08867007607562,0.03887401025366654
monitor_output_test2.txt,3,Lee,30,0.016622265501249667,0.014097537508798882,0.012957903965316856
monitor_output_test2.txt,3,SIMC,30,2.0111122955887675,0.8551865574343147,0.013029999999998767
monitor_output_test2.txt,3,IMC_robusto,30,13.32629546816786,2.1443364998848056,53.75371832553905
monitor_output_test2.txt,4,IMC,40,4.444444444444445,9.514016882147253,0.030032535197701177
monitor_output_test2.txt,4,Lee,40,0.03286480145260818,0.07035216206591964,0.010010297674712058
monitor_output_test2.txt,4,SIMC,40,1.5035545703452178,1.6211949615339685,0.010160000000000375
monitor_output_test2.txt,4,IMC_robusto,40,10.167810943057097,4.167935568558956,16.099652467220697
monitor_output_test2.txt,5,IMC,50,3.846153846153846,9.00309535421373,0.0272255872291456
monitor_output_test2.txt,5,Lee,50,0.03268658980899362,0.07651292606215448,0.009074540289493867
monitor_output_test2.txt,5,SIMC,50,1.3040291208806474,1.5392095684769451,0.009230769230769351
monitor_output_test2.txt,5,IMC_robusto,50,8.836169002782178,3.969494774777227,12.766603362694484
monitor_output_test2.txt,6,IMC,60,3.75,14.855426984586014,0.02774413977174023
monitor_output_test2.txt,6,Lee,60,0.05753544084611308,0.22792361080410684,0.009245869590907565
monitor_output_test2.txt,6,SIMC,60,1.2889546330942285,2.5922339510016914,0.009536249999999578
monitor_output_test2.txt,6,IMC_robusto,60,8.771133374036678,6.76022787736286,7.386397358672009
monitor_output_test2.txt,7,IMC,70,3.3333333333333335,11.517367037756236,0.025027983239927484
monitor_output_test2.txt,7,Lee,70,0.04502248789809066,0.15556215542257448,0.00834113910998211
monitor_output_test2.txt,7,SIMC,70,1.1415370585989393,1.998762188462254,0.008571111111111111
monitor_output_test2.txt,7,IMC_robusto,70,7.766374308186824,5.201749506766387,7.526096355910306
monitor_output_test2.txt,8,IMC,80,3.333333333333333,19.73501791446256,0.024802346957402112
monitor_output_test2.txt,8,Lee,80,0.07879606959022951,0.46651255348572546,0.008262829186131929
monitor_output_test2.txt,8,SIMC,80,1.16491365281739,3.529955797487916,0.008667777777777472
monitor_output_test2.txt,8,IMC_robusto,80,7.900327200167113,9.252609493998813,4.378330049036897
monitor_output_test2.txt,9,IMC,90,3.2142857142857144,14.420077362112837,0.024191121717788457
monitor_output_test2.txt,9,Lee,90,0.057232320609926085,0.2567582860292735,0.008061150723310066
monitor_output_test2.txt,9,SIMC,90,1.1102751386950434,2.534828447642608,0.008356071428570833
monitor_output_test2.txt,9,IMC_robusto,90,7.552333071742614,6.624540649323368,5.588420452553474
monitor_output_test2.txt,10,IMC,100,3.125,16.437160079529594,0.02435695240916044
monitor_output_test2.txt,10,Lee,100,0.0683884808367765,0.35971597027517993,0.00811509576657654
monitor_output_test2.txt,10,SIMC,100,1.0882790676374936,2.9247501770726534,0.008482291666666216
monitor_output_test2.txt,10,IMC_robusto,100,7.38904271140746,7.661266669335629,4.625496403084801
monitor_output_test2.txt,11,IMC,110,3.0555555555555554,19.804040816488143,0.023568213658416107
monitor_output_test2.txt,11,Lee,110,0.0828176013822919,0.5367675790140721,0.007850299963470546
monitor_output_test2.txt,11,SIMC,110,1.0752683982371347,3.5790264756458394,0.008293796296296759
monitor_output_test2.txt,11,IMC_robusto,110,7.272521920124843,9.3890305083828,3.6562164693103667
monitor_output_test2.txt,12,IMC,120,3.076923076923077,23.01045163476322,0.028993215483386337
monitor_output_test2.txt,12,Lee,120,0.12201904985185072,0.9125068696691262,0.009649206787096755
monitor_output_test2.txt,12,SIMC,120,1.1103461411312479,4.316449257223907,0.010462564102563549
monitor_output_test2.txt,12,IMC_robusto,120,7.410355460102733,11.319693772065333,3.1486615170687475
monitor_output_test2.txt,13,IMC,130,3.0232558139534884,19.116744636025267,0.023583854182765897
monitor_output_test2.txt,13,Lee,130,0.08075689251626567,0.5106444796060984,0.00785567550168275
monitor_output_test2.txt,13,SIMC,130,1.063067448448046,3.450789438748465,0.008292790697674461
monitor_output_test2.txt,13,IMC_robusto,130,7.192413860114308,9.052009891337212,3.7092567157173213
monitor_output_test2.txt,14,IMC,140,3.043478260869565,24.30272023819443,0.03511270082726542
monitor_output_test2.txt,14,Lee,140,0.1646837003960367,1.3150289095122387,0.011669964421623439
monitor_output_test2.txt,14,SIMC,140,1.1305624607051346,4.758119334468834,0.013043333333333677
monitor_output_test2.txt,14,IMC_robusto,140,7.40183289623574,12.427784156376285,2.8613265426978414
monitor_output_test2.txt,15,IMC,150,3.0612244897959187,23.495287393572276,0.06689654384322408
monitor_output_test2.txt,15,Lee,150,0.3651894375007051,2.802875390477515,0.021981505268768454
monitor_output_test2.txt,15,SIMC,150,1.2968454320216924,5.570426538586115,0.028339795918367175
monitor_output_test2.txt,15,IMC_robusto,150,7.640025940693706,14.061085159998987,2.6943462170948456
monitor_output_test2.txt,16,IMC,160,3.018867924528302,21.653203110969866,0.0710781549359751
monitor_output_test2.txt,16,Lee,160,0.3639558175835165,2.6105180612650876,0.023348349354181123
monitor_output_test2.txt,16,SIMC,160,1.2821890993027083,5.152706175514623,0.03018867924528238
monitor_output_test2.txt,16,IMC_robusto,160,7.537024769386238,12.996647247436094,2.836946373550676
monitor_output_test2.txt,17,IMC,170,3.0357142857142856,14.350036212738413,0.16052577447736358
monitor_output_test2.txt,17,Lee,170,1.0283526928808981,4.861095937701443,0.04736834352865431
monitor_output_test2.txt,17,SIMC,170,2.048683577001017,6.4824168594215665,0.10833250000000032
monitor_output_test2.txt,17,IMC_robusto,170,7.884828701458954,14.237827997809918,2.8341534215877715
monitor_output_test2.txt,18,IMC,180,3.050847457627119,13.744939809954095,0.1678441504456963
monitor_output_test2.txt,18,Lee,180,0.8952766301919335,4.033477112886404,0.05113014257042736
monitor_output_test2.txt,18,SIMC,180,1.8616913421998398,5.424382130369459,0.10242203389830427
monitor_output_test2.txt,18,IMC_robusto,180,7.874413486561179,12.253866245135201,3.2843230573062963
monitor_output_test2.txt,19,IMC,190,2.96875,17.369440316409047,0.045788707592054154
monitor_output_test2.txt,19,Lee,190,0.15674277317342766,0.9170641662869198,0.015220355923915758
monitor_output_test2.txt,19,SIMC,190,1.0999031322820132,3.3875172309905466,0.016964427083333244
monitor_output_test2.txt,19,IMC_robusto,190,7.214473353905973,8.85203308424275,3.8163554015893046
monitor_output_test2.txt,20,IMC,200,3.0612244897959187,12.823628304568825,0.17823412866331073
monitor_output_test2.txt,20,Lee,200,0.8183991953337036,3.4283167146677593,0.05516508630908318
monitor_output_test2.txt,20,SIMC,200,1.765094984651017,4.6854170185654995,0.10276938775510291
monitor_output_test2.txt,20,IMC_robusto,200,7.870569267361634,10.760691354302727,3.7364114042558922
monitor_output_test2.txt,21,IMC,210,3.0000000000000004,12.41333937449181,0.18088040427143037
monitor_output_test2.txt,21,Lee,210,1.0616820911576226,4.393006701786573,0.052742254773269416
monitor_output_test2.txt,21,SIMC,210,2.0954674527995167,5.869525200554369,0.12634300000000032
monitor_output_test2.txt,21,IMC_robusto,210,7.8077196918185265,12.773109564378501,3.0976643798669126
monitor_output_test2.txt,22,IMC,220,2.972972972972973,11.266553127123991,0.18919802573936248
monitor_output_test2.txt,22,Lee,220,0.7573232468621983,2.869996691105662,0.05897362814472165
monitor_output_test2.txt,22,SIMC,220,1.6684451084573568,3.9667460163795143,0.10617873873873866
monitor_output_test2.txt,22,IMC_robusto,220,7.6286948013415605,9.183679003723633,4.113072441997305
monitor_output_test2.txt,23,IMC,230,2.948717948717949,8.734625776921229,0.22911649740234113
monitor_output_test2.txt,23,Lee,230,1.3903322476429225,4.118410814444533,0.05939341117385219
monitor_output_test2.txt,23,SIMC,230,2.7367283947680128,5.964502338020587,0.21264482905982926
monitor_output_test2.txt,23,IMC_robusto,230,7.787398810923845,12.118457278049197,3.2480302837546473
monitor_output_test2.txt,24,IMC,240,2.962962962962963,8.283617391516835,0.24022306871265822
monitor_output_test2.txt,24,Lee,240,1.435609918322885,4.013564609313061,0.06127625819376907
monitor_output_test2.txt,24,SIMC,240,2.8443126018744507,5.902373767360075,0.23060345679012348
monitor_output_test2.txt,24,IMC_robusto,240,7.837273580656663,11.905710098949228,3.3485538235623125
monitor_output_test2.txt,25,IMC,250,3.1645569620253164,8.703306239824963,0.2644128087114943
monitor_output_test2.txt,25,Lee,250,1.4965501777021144,4.115879301938687,0.06842618045670043
monitor_output_test2.txt,25,SIMC,250,2.9476976529515615,5.970359135204754,0.2462932489451478
monitor_output_test2.txt,25,IMC_robusto,250,8.358831976358838,12.120829621935098,3.7414626769035144
monitor_output_test4.txt,2,IMC,20,9.999999999999998,3.9209043801207013,0.08542196236166932
monitor_output_test4.txt,2,Lee,20,0.01683131744383107,0.006599398628871923,0.0284739067890062
monitor_output_test4.txt,2,SIMC,20,3.344573129687264,0.6567911802575509,0.028569999999999606
monitor_output_test4.txt,2,IMC_robusto,20,21.88020390749818,1.6241408794207544,191.32054322673923
monitor_output_test4.txt,3,IMC,30,6.0,6.495587331006467,0.030686188798578193
monitor_output_test4.txt,3,Lee,30,0.01675003324711811,0.01813355062565292,0.010228649882599932
monitor_output_test4.txt,3,SIMC,30,2.0111979498367565,1.0916985069122827,0.010286000000000685
monitor_output_test4.txt,3,IMC_robusto,30,13.329365602674978,2.7379506010097825,42.118793766914024
monitor_output_test4.txt,4,IMC,40,4.444444444444444,10.916068261449665,0.02996659368728957
monitor_output_test4.txt,4,Lee,40,0.03774912191182605,0.09271619810983767,0.009988143961416307
monitor_output_test4.txt,4,SIMC,40,1.5068631432308652,1.8662322998118306,0.010159999999999059
monitor_output_test4.txt,4,IMC_robusto,40,10.210503786251925,4.812798124228791,14.0598040843268
monitor_output_test4.txt,5,IMC,50,3.8461538461538463,8.42973223882814,0.020523419777145977
monitor_output_test4.txt,5,Lee,50,0.022895766682978554,0.0501813474604498,0.006840897496167787
monitor_output_test4.txt,5,SIMC,50,1.2974065347804005,1.4302463891591093,0.00692307692307673
monitor_output_test4.txt,5,IMC_robusto,50,8.741625022954427,3.6582561831834757,13.557911794596404
monitor_output_test4.txt,6,IMC,60,3.5294117647058827,11.971493479726067,0.02651350910412126
monitor_output_test4.txt,6,Lee,60,0.04678613689281579,0.1586949809469427,0.008836283352960609
monitor_output_test4.txt,6,SIMC,60,1.2080803676798406,2.0760176925427114,0.009075294117647056
monitor_output_test4.txt,6,IMC_robusto,60,8.218537002175232,5.401064976109653,8.116937475305468
monitor_output_test4.txt,7,IMC,70,3.3333333333333335,12.041584407593179,0.02499993681178626
monitor_output_test4.txt,7,Lee,70,0.04710685165035871,0.17017233909712934,0.008331647983197658
monitor_output_test4.txt,7,SIMC,70,1.1429658518418055,2.0936431428698707,0.008572222222222379
monitor_output_test4.txt,7,IMC_robusto,70,7.777073740696641,5.4528179823191705,7.199361906025679
monitor_output_test4.txt,8,IMC,80,3.333333333333334,14.553975236411153,0.018935496075882588
monitor_output_test4.txt,8,Lee,80,0.04296429297976733,0.18759037682323415,0.006310783417018353
monitor_output_test4.txt,8,SIMC,80,1.1401279798728734,2.5210907134170504,0.00647666666666602
monitor_output_test4.txt,8,IMC_robusto,80,7.7553340825844135,6.555768980413384,5.954700925503337
monitor_output_test4.txt,9,IMC,90,3.214285714285714,20.446524840482944,0.023830357299615613
monitor_output_test4.txt,9,Lee,90,0.08178078477125442,0.5202191080487778,0.00793831030511681
monitor_output_test4.txt,9,SIMC,90,1.1273724702376018,3.6769179872592996,0.008358214285714944
monitor_output_test4.txt,9,IMC_robusto,90,7.635423624456955,9.64265205887861,3.9242110063593483
monitor_output_test4.txt,10,IMC,100,3.125,14.754241549360623,0.02446854412668929
monitor_output_test4.txt,10,Lee,100,0.061249289950509905,0.2891797819701278,0.008153048169571414
monitor_output_test4.txt,10,SIMC,100,1.0833158409869998,2.607484260939575,0.008482291666666215
monitor_output_test4.txt,10,IMC_robusto,100,7.364127932341413,6.822423103359632,5.159250000070293
monitor_output_test4.txt,11,IMC,110,3.0555555555555554,16.2329229650408,0.023805008944339342
monitor_output_test4.txt,11,Lee,110,0.06755354402515082,0.3588844831120687,0.007931124488537913
monitor_output_test4.txt,11,SIMC,110,1.0645723935264082,2.8903385729469906,0.008293796296295855
monitor_output_test4.txt,11,IMC_robusto,110,7.227100197970627,7.571832876732354,4.477233091580027
monitor_output_test4.txt,12,IMC,120,3.0,16.682190371595805,0.023557341439951175
monitor_output_test4.txt,12,Lee,120,0.07024607609920484,0.39061947144818043,0.007848141814600376
monitor_output_test4.txt,12,SIMC,120,1.047953567380619,2.981918663371482,0.008229000000000042
monitor_output_test4.txt,12,IMC_robusto,120,7.10821992835021,7.815537395139573,4.196096239552775
monitor_output_test4.txt,13,IMC,130,3.0232558139534884,24.324403719987178,0.028301444166044194
monitor_output_test4.txt,13,Lee,130,0.12933619762856544,1.040608562532206,0.009416549278979162
monitor_output_test4.txt,13,SIMC,130,1.0978296326630055,4.605376426977952,0.010277054263565823
monitor_output_test4.txt,13,IMC_robusto,130,7.298401975719589,12.069812487846226,2.8644260105526773
monitor_output_test4.txt,14,IMC,140,2.9787234042553195,18.688270307141707,0.02416041816873646
monitor_output_test4.txt,14,Lee,140,0.08231127830770531,0.5164143190144002,0.008047323198507102
monitor_output_test4.txt,14,SIMC,140,1.0493414212367564,3.382702642216692,0.00851120567375889
monitor_output_test4.txt,14,IMC_robusto,140,7.0938830003472235,8.87472642941526,3.680405247431507
monitor_output_test4.txt,15,IMC,150,3.0612244897959187,23.69818185179005,0.03544324759410253
monitor_output_test4.txt,15,Lee,150,0.16033542500110914,1.2412216325937075,0.0117820057274325
monitor_output_test4.txt,15,SIMC,150,1.1332063936542485,4.616043608796363,0.013120408163265797
monitor_output_test4.txt,15,IMC_robusto,150,7.437312054021755,12.064104071073766,2.975908034262246
monitor_output_test4.txt,16,IMC,160,2.962962962962963,19.66283401163963,0.029485550832788542
monitor_output_test4.txt,16,Lee,160,0.10920589485530402,0.7247128669759395,0.009815165516546454
monitor_output_test4.txt,16,SIMC,160,1.0632442688052415,3.6579840255595455,0.010580740740740712
monitor_output_test4.txt,16,IMC_robusto,160,7.119622538410904,9.596858073358108,3.4282101727111605
monitor_output_test4.txt,17,IMC,170,2.9310344827586206,18.695802792273174,0.03459384835724245
monitor_output_test4.txt,17,Lee,170,0.1253248673724563,0.7993931900651032,0.011510200860243073
monitor_output_test4.txt,17,SIMC,170,1.0642933963193881,3.5394684822040703,0.01256143678160866
monitor_output_test4.txt,17,IMC_robusto,170,7.075654814976991,9.276318531198427,3.503000468436799
monitor_output_test4.txt,18,IMC,180,2.9508196721311473,18.248222357022573,0.03492469424571098
monitor_output_test4.txt,18,Lee,180,0.12217522836590823,0.7555462486567079,0.011621607882778943
monitor_output_test4.txt,18,SIMC,180,1.0685747166199855,3.440899293900157,0.012647213114753697
monitor_output_test4.txt,18,IMC_robusto,180,7.116241662458578,9.020615910513591,3.6437431662623214
monitor_output_test4.txt,19,IMC,190,2.96875,17.756796928036785,0.0770786978814638
monitor_output_test4.txt,19,Lee,190,0.31572854077607854,1.8884471858345122,0.025402300675222998
monitor_output_test4.txt,19,SIMC,190,1.2251183311550682,4.053515567818094,0.031808177083332924
monitor_output_test4.txt,19,IMC_robusto,190,7.380515443029541,10.311634019322817,3.4286919589931872
monitor_output_test4.txt,20,IMC,200,2.985074626865672,12.94377782730212,0.1718997378399597
monitor_output_test4.txt,20,Lee,200,0.9499081555531212,4.118959040810351,0.05149752407645637
monitor_output_test4.txt,20,SIMC,200,1.92387493054824,5.498450760939715,0.11078905472636791
monitor_output_test4.txt,20,IMC_robusto,200,7.7316737002273905,12.230561670531406,3.1723654077242665
monitor_output_test4.txt,21,IMC,210,2.957746478873239,11.577417321321407,0.18045377406438465
monitor_output_test4.txt,21,Lee,210,0.7261416273065173,2.842314144826096,0.05652577821086733
monitor_output_test4.txt,21,SIMC,210,1.6275293341720007,3.9673001252254876,0.09929647887323866
monitor_output_test4.txt,21,IMC_robusto,210,7.578424722578166,9.239382510978055,4.034572349518243
monitor_output_test4.txt,22,IMC,220,2.972972972972973,9.127444516339212,0.22702237059648492
monitor_output_test4.txt,22,Lee,220,1.35050424908668,4.146237693608217,0.06005856986264577
monitor_output_test4.txt,22,SIMC,220,2.6407454971169875,5.895179143022636,0.2016527927927926
monitor_output_test4.txt,22,IMC_robusto,220,7.835133915142364,12.094436430725565,3.294502065181941
monitor_output_test4.txt,23,IMC,230,2.987012987012987,11.01737058523482,0.19604354716149555
monitor_output_test4.txt,23,Lee,230,0.7725944507294917,2.8496559649359656,0.06097604947006434
monitor_output_test4.txt,23,SIMC,230,1.6904356694699851,3.9238725127434626,0.1109466233766236
monitor_output_test4.txt,23,IMC_robusto,230,7.6694415341258635,9.061738188178358,4.213068736491439
monitor_output_test4.txt,24,IMC,240,2.962962962962963,8.129711993774277,0.2387512372151387
monitor_output_test4.txt,24,Lee,240,1.4927227473800528,4.095699532679916,0.05938472884370835
monitor_output_test4.txt,24,SIMC,240,2.993168870053304,6.175021703271785,0.24118518518518445
monitor_output_test4.txt,24,IMC_robusto,240,7.855427456904473,12.32449525568753,3.2497733711980783
monitor_output_test4.txt,25,IMC,250,3.125,8.560213224639163,0.28214659782885626
monitor_output_test4.txt,25,Lee,250,1.1906070725354783,3.2613921304534785,0.0803970496390234
monitor_output_test4.txt,25,SIMC,250,2.3239456524396194,4.395642939171915,0.20982187500000007
monitor_output_test4.txt,25,IMC_robusto,250,8.161549302913958,9.410842395215802,4.5940877862384
monitor_output_test1.txt,2,IMC,20,20.0,1.5466464509664548,51.82218300361602
monitor_output_test1.txt,2,Lee,20,11.317610635420106,0.8752171161346355,11.742547778626545
monitor_output_test1.txt,2,SIMC,20,24.046844956590235,1.4559544426023623,62.30800000000001
monitor_output_test1.txt,2,IMC_robusto,20,53.423130623958386,2.811666980739239,658.836059321397
monitor_output_test1.txt,3,IMC,30,6.0,7.940073617715899,0.038747085239994185
monitor_output_test1.txt,3,Lee,30,0.02597276594273915,0.03437094560684219,0.012915453059758587
monitor_output_test1.txt,3,SIMC,30,2.0173904570067385,1.3406306968313804,0.013027999999998487
monitor_output_test1.txt,3,IMC_robusto,30,13.506556959848806,3.4017471530019536,34.807261164913534
monitor_output_test1.txt,4,IMC,40,4.444444444444445,7.449927870729601,0.030129613770592915
monitor_output_test1.txt,4,Lee,40,0.02569348381891925,0.04306828526970897,0.010042868942760186
monitor_output_test1.txt,4,SIMC,40,1.4987100697461997,1.2633557390511447,0.010159999999999057
monitor_output_test1.txt,4,IMC_robusto,40,10.092507014038944,3.229082749659695,20.473944337377212
monitor_output_test1.txt,5,IMC,50,3.846153846153846,9.683081458632271,0.027190336749492543
monitor_output_test1.txt,5,Lee,50,0.035177923585928535,0.08856398190330274,0.009062687389012973
monitor_output_test1.txt,5,SIMC,50,1.3057197086955796,1.6586739049520378,0.009230769230769351
monitor_output_test1.txt,5,IMC_robusto,50,8.85583560333811,4.284352263475384,11.881095669699077
monitor_output_test1.txt,6,IMC,60,3.5294117647058827,14.82749873317561,0.026056291187854838
monitor_output_test1.txt,6,Lee,60,0.057465317630177044,0.24141896190284548,0.008683127903000496
monitor_output_test1.txt,6,SIMC,60,1.2154148847940411,2.5946231391140775,0.008972941176469863
monitor_output_test1.txt,6,IMC_robusto,60,8.270146193478213,6.772458620233979,6.554847411305268
monitor_output_test1.txt,7,IMC,70,3.5,12.291613256680497,0.01969509740927855
monitor_output_test1.txt,7,Lee,70,0.035654925667536586,0.12521615914315726,0.00656435116745108
monitor_output_test1.txt,7,SIMC,70,1.1906812566605969,2.112069436081882,0.006700166666666471
monitor_output_test1.txt,7,IMC_robusto,70,8.085164678129491,5.467673472274213,7.759928903347532
monitor_output_test1.txt,8,IMC,80,3.3333333333333335,14.21870356704613,0.018946887682195886
monitor_output_test1.txt,8,Lee,80,0.041962089422661664,0.17899395316641242,0.006314628367369943
monitor_output_test1.txt,8,SIMC,80,1.1394424905562084,2.460802248105889,0.006476666666667007
monitor_output_test1.txt,8,IMC_robusto,80,7.749773795086881,6.396307460810432,6.094404752963029
monitor_output_test1.txt,9,IMC,90,3.333333333333333,20.963833194972043,0.024724560388416653
monitor_output_test1.txt,9,Lee,90,0.08381473076129112,0.5271234104883598,0.008236309495799734
monitor_output_test1.txt,9,SIMC,90,1.1684288187555265,3.766597956066657,0.008666666666666205
monitor_output_test1.txt,9,IMC_robusto,90,7.915341539875905,9.877124070137766,4.117099679552172
monitor_output_test1.txt,10,IMC,100,3.2258064516129035,16.883735222510726,0.025145256784729935
monitor_output_test1.txt,10,Lee,100,0.07023011013758368,0.36758144110532603,0.008377779386521305
monitor_output_test1.txt,10,SIMC,100,1.1231309122943294,3.0032004885162467,0.00875483870967776
monitor_output_test1.txt,10,IMC_robusto,100,7.626188221166718,7.866385145015719,4.798686813815443
monitor_output_test1.txt,11,IMC,110,3.142857142857143,24.33022754292349,0.03486677140313519
monitor_output_test1.txt,11,Lee,110,0.15653431832681083,1.2118004128260946,0.011593426092912933
monitor_output_test1.txt,11,SIMC,110,1.157445307618933,4.70328415525404,0.012840666666666627
monitor_output_test1.txt,11,IMC_robusto,110,7.623505169449671,12.302615523554593,3.0661579222619073
monitor_output_test1.txt,12,IMC,120,3.1578947368421053,21.234112460106456,0.024548417265881636
monitor_output_test1.txt,12,Lee,120,0.08985368884388648,0.6041883890577244,0.008176180863859243
monitor_output_test1.txt,12,SIMC,120,1.1142884009274379,3.8529095109296816,0.008662105263157938
monitor_output_test1.txt,12,IMC_robusto,120,7.527378698816137,10.10940452172131,3.6378478367018428
monitor_output_test1.txt,13,IMC,130,3.1707317073170733,23.075978190715567,0.024529328103843437
monitor_output_test1.txt,13,Lee,130,0.09787699413499339,0.7123300204869847,0.008168651460010277
monitor_output_test1.txt,13,SIMC,130,1.1242402929158,4.217287531710312,0.008697317073170776
monitor_output_test1.txt,13,IMC_robusto,130,7.577039083607025,11.067389322817224,3.366948241269774
monitor_output_test1.txt,14,IMC,140,3.1111111111111107,20.0139668897509,0.025197834488782597
monitor_output_test1.txt,14,Lee,140,0.08821205352056581,0.5674735023549232,0.008392525628843257
monitor_output_test1.txt,14,SIMC,140,1.0975611662726557,3.630437633624595,0.008889481481481507
monitor_output_test1.txt,14,IMC_robusto,140,7.415057522914682,9.525565665727406,3.7464578134526456
monitor_output_test1.txt,15,IMC,150,3.0612244897959187,24.253470105657787,0.035349005260093436
monitor_output_test1.txt,15,Lee,150,0.16428052235507773,1.3015617610410364,0.011749067544043488
monitor_output_test1.txt,15,SIMC,150,1.1361392149947582,4.742232061218881,0.01311938775510239
monitor_output_test1.txt,15,IMC_robusto,150,7.443041360779086,12.38827662566574,2.9025021042455115
monitor_output_test1.txt,16,IMC,160,3.076923076923077,20.048366684626572,0.02489951375694073
monitor_output_test1.txt,16,Lee,160,0.08838526736905082,0.5758935811633844,0.008292989408992623
monitor_output_test1.txt,16,SIMC,160,1.0863071855177027,3.640695844941167,0.008790769230770022
monitor_output_test1.txt,16,IMC_robusto,160,7.336520691161111,9.552870776593684,3.657033708158111
monitor_output_test1.txt,17,IMC,170,3.0357142857142856,14.115563621170127,0.16256058624717348
monitor_output_test1.txt,17,Lee,170,0.9281558562199881,4.315769471616194,0.04912145874971079
monitor_output_test1.txt,17,SIMC,170,1.9031781117251578,5.777571011405774,0.10191398809523822
monitor_output_test1.txt,17,IMC_robusto,170,7.84913876183863,12.951595175238397,3.087474116281208
monitor_output_test1.txt,18,IMC,180,3.1034482758620685,20.131215261071635,0.047286202950833314
monitor_output_test1.txt,18,Lee,180,0.1827137732910102,1.1852139859692785,0.01570743317994825
monitor_output_test1.txt,18,SIMC,180,1.163912015587178,3.9972388653961173,0.017734137931034382
monitor_output_test1.txt,18,IMC_robusto,180,7.56795884430273,10.421380862923,3.5670962521546374
monitor_output_test1.txt,19,IMC,190,3.1147540983606556,13.58944040400976,0.17722559987366135
monitor_output_test1.txt,19,Lee,190,0.925415328254794,4.037518229414815,0.05386047933877002
monitor_output_test1.txt,19,SIMC,190,1.9159718376237418,5.42141614684371,0.10901639344262339
monitor_output_test1.txt,19,IMC_robusto,190,8.043597889765516,12.219091005129012,3.4367217911134937
monitor_output_test1.txt,20,IMC,200,3.0769230769230766,12.92648305136095,0.1830819108379674
monitor_output_test1.txt,20,Lee,200,1.011393983737852,4.248974336436628,0.05443356638705146
monitor_output_test1.txt,20,SIMC,200,2.0300588924534506,5.6659183753337405,0.1207917948717953
monitor_output_test1.txt,20,IMC_robusto,200,7.981034431711727,12.521613939349663,3.3017229779855373
monitor_output_test1.txt,21,IMC,210,3.043478260869565,12.036194901416227,0.18686616860319064
monitor_output_test1.txt,21,Lee,210,0.7974755937205812,3.1538164075471626,0.05801207177966426
monitor_output_test1.txt,21,SIMC,210,1.7349132792567084,4.329479311682455,0.10652173913043521
monitor_output_test1.txt,21,IMC_robusto,210,7.818533330757396,9.976937505739745,3.9768197315804463
monitor_output_test1.txt,22,IMC,220,3.0555555555555554,11.768703465476609,0.19599145995259998
monitor_output_test1.txt,22,Lee,220,0.876161353844526,3.374601761882209,0.059958886085218856
monitor_output_test1.txt,22,SIMC,220,1.8374493603095985,4.553191064124566,0.1178588888888888
monitor_output_test1.txt,22,IMC_robusto,220,7.878862246859941,10.329338807004001,3.9006507331419518
monitor_output_test1.txt,23,IMC,230,3.0263157894736845,10.846854487654976,0.20254021896922378
monitor_output_test1.txt,23,Lee,230,0.7551168821311823,2.7064733198491187,0.06331011111431292
monitor_output_test1.txt,23,SIMC,230,1.6795548471357367,3.7609355727334632,0.11240644736842037
monitor_output_test1.txt,23,IMC_robusto,230,7.7591274926083,8.736305053618109,4.472811116134002
monitor_output_test1.txt,24,IMC,240,3.380281690140845,12.57327765152546,0.22457860463493481
monitor_output_test1.txt,24,Lee,240,0.9711290417050347,3.6122063768917694,0.06868086172100586
monitor_output_test1.txt,24,SIMC,240,2.0351545639488786,4.872369333335428,0.13521126760563396
monitor_output_test1.txt,24,IMC_robusto,240,8.716881571020096,11.04960234900736,4.4633219558973085
monitor_output_test1.txt,25,IMC,250,3.3333333333333335,9.230580358894198,0.2969117366875415
monitor_output_test1.txt,25,Lee,250,1.2892083070920581,3.570042263390157,0.08416604255198115
monitor_output_test1.txt,25,SIMC,250,2.512643459825337,4.824510107036256,0.22381000000000012
monitor_output_test1.txt,25,IMC_robusto,250,8.712024506824193,10.293589802928528,4.7857928009398005
monitor_output_test9.txt,2,IMC,20,9.999999999999998,5.735938061046441,0.0649065368184155
monitor_output_test9.txt,2,Lee,20,0.01871979583210935,0.010737558940841458,0.021635436455315946
monitor_output_test9.txt,2,SIMC,20,3.3458366030871085,0.9613718817710878,0.021716666666667567
monitor_output_test9.txt,2,IMC_robusto,20,21.95024235715035,2.3844811076226278,131.1497075829546
monitor_output_test9.txt,3,IMC,30,4.999999999999999,9.130927455694456,0.03385567795310228
monitor_output_test9.txt,3,Lee,30,0.031502625142191897,0.0575296369674581,0.011284777999089182
monitor_output_test9.txt,3,SIMC,30,1.687801577798018,1.550829237852417,0.011428333333333521
monitor_output_test9.txt,3,IMC_robusto,30,11.383597423586586,3.9721092601018726,21.17485496284239
monitor_output_test9.txt,4,IMC,40,4.444444444444444,7.4821856174996295,0.02265987060869506
monitor_output_test9.txt,4,Lee,40,0.019324096242492195,0.0325319568697696,0.007553147412307474
monitor_output_test9.txt,4,SIMC,40,1.4944204700182566,1.2633916240736518,0.007619259259259765
monitor_output_test9.txt,4,IMC_robusto,40,10.00618617228707,3.206123785087476,20.269332406220812
monitor_output_test9.txt,5,IMC,50,3.846153846153846,9.041189943556759,0.020505589670476086
monitor_output_test9.txt,5,Lee,50,0.024567138395151913,0.0577502027960558,0.0068349176835814035
monitor_output_test9.txt,5,SIMC,50,1.2985346611733053,1.535987590797457,0.006923076923076729
monitor_output_test9.txt,5,IMC_robusto,50,8.760236916260201,3.9353836095661476,12.65689576986521
monitor_output_test9.txt,6,IMC,60,3.5294117647058822,12.799410203177832,0.019850643375153177
monitor_output_test9.txt,6,Lee,60,0.03714680143448027,0.13471285896717386,0.006616148146066493
monitor_output_test9.txt,6,SIMC,60,1.2014985398909122,2.201546746307685,0.006757647058823496
monitor_output_test9.txt,6,IMC_robusto,60,8.161173863807296,5.703041900292806,7.580210582456586
monitor_output_test9.txt,7,IMC,70,3.3333333333333335,14.268306951233788,0.02486428637062783
monitor_output_test9.txt,7,Lee,70,0.0559566970315531,0.23952219876701764,0.008285759841118762
monitor_output_test9.txt,7,SIMC,70,1.1490524982096624,2.500538599261108,0.008571111111111111
monitor_output_test9.txt,7,IMC_robusto,70,7.817977041867464,6.529720624245353,6.075426262691131
monitor_output_test9.txt,8,IMC,80,3.2,20.1035963449149,0.02935066769948862
monitor_output_test9.txt,8,Lee,80,0.10133677275511185,0.6366354919891057,0.009773744501389108
monitor_output_test9.txt,8,SIMC,80,1.1364338854176768,3.6827972266994093,0.01042346666666655
monitor_output_test9.txt,8,IMC_robusto,80,7.653033827690258,9.664891697543972,3.9332617357951065
monitor_output_test9.txt,9,IMC,90,3.103448275862069,14.569940286718579,0.023320461384681537
monitor_output_test9.txt,9,Lee,90,0.05788257143406391,0.2717446963738331,0.0077707830298126826
monitor_output_test9.txt,9,SIMC,90,1.073804531968814,2.567638829500253,0.008068965517241868
monitor_output_test9.txt,9,IMC_robusto,90,7.302251402053281,6.714228964936169,5.154659556799469
monitor_output_test9.txt,10,IMC,100,3.125,15.809936734957125,0.024398542616318176
monitor_output_test9.txt,10,Lee,100,0.06572396933710437,0.33250937510076223,0.008129250126960875
monitor_output_test9.txt,10,SIMC,100,1.086423967003929,2.8060064544057974,0.008482291666667141
monitor_output_test9.txt,10,IMC_robusto,100,7.380045667400925,7.347402992754864,4.811348448414492
monitor_output_test9.txt,11,IMC,110,3.0555555555555554,21.656936795608058,0.02344535099988232
monitor_output_test9.txt,11,Lee,110,0.09079639056649785,0.6435398263967961,0.007808216313677478
monitor_output_test9.txt,11,SIMC,110,1.080903218293591,3.944398410033715,0.00829379629629676
monitor_output_test9.txt,11,IMC_robusto,110,7.293205205064947,10.35064201845741,3.3354324596224214
monitor_output_test9.txt,12,IMC,120,3.0000000000000004,22.123241202324444,0.028298297985310698
monitor_output_test9.txt,12,Lee,120,0.11723778581499683,0.864559937870542,0.009418360381337393
monitor_output_test9.txt,12,SIMC,120,1.0813371184332257,4.142927107342411,0.010200000000000207
monitor_output_test9.txt,12,IMC_robusto,120,7.221790610060222,10.865698078993965,3.1154065180441237
monitor_output_test9.txt,13,IMC,130,3.0232558139534884,21.272856456982854,0.023437849963852623
monitor_output_test9.txt,13,Lee,130,0.09013674324572707,0.6342387540334588,0.007805672003280177
monitor_output_test9.txt,13,SIMC,130,1.069689742417082,3.875589178597218,0.008292790697674463
monitor_output_test9.txt,13,IMC_robusto,130,7.216854270885431,10.170145547044157,3.3239254610725517
monitor_output_test9.txt,14,IMC,140,3.0434782608695654,18.74674777402456,0.02471119992308484
monitor_output_test9.txt,14,Lee,140,0.08252730164991359,0.5083389385077247,0.008231010060966578
monitor_output_test9.txt,14,SIMC,140,1.0710444160134207,3.3880730098298146,0.008696231884057994
monitor_output_test9.txt,14,IMC_robusto,140,7.243877057004497,8.88811091554924,3.83190954887658
monitor_output_test9.txt,15,IMC,150,3.0000000000000004,23.048467084868356,0.034761031945174055
monitor_output_test9.txt,15,Lee,150,0.15586509552904007,1.1974838413269806,0.01155573353700504
monitor_output_test9.txt,15,SIMC,150,1.1096045727535788,4.483903003077535,0.012856999999999454
monitor_output_test9.txt,15,IMC_robusto,150,7.2867033454717465,11.720448987667506,2.9403599722462803
monitor_output_test9.txt,16,IMC,160,2.962962962962963,18.70510191007148,0.024024082893529683
monitor_output_test9.txt,16,Lee,160,0.08239958511828142,0.520186264982459,0.008001834316204727
monitor_output_test9.txt,16,SIMC,160,1.0441587582207297,3.3875301983568753,0.008466172839506193
monitor_output_test9.txt,16,IMC_robusto,160,7.057737873100256,8.887611827259434,3.637713934648109
monitor_output_test9.txt,17,IMC,170,2.9310344827586206,19.742724428613645,0.07381626426542441
monitor_output_test9.txt,17,Lee,170,0.3558256977093816,2.3967540251808184,0.024242791554340084
monitor_output_test9.txt,17,SIMC,170,1.2470057554024347,4.709609732654158,0.0314050574712641
monitor_output_test9.txt,17,IMC_robusto,170,7.319468526689299,11.87294944860873,2.9287550444149497
monitor_output_test9.txt,18,IMC,180,2.9508196721311473,18.02847507495718,0.03496102466039884
monitor_output_test9.txt,18,Lee,180,0.12064382782529699,0.7370915489813519,0.011634194939654197
monitor_output_test9.txt,18,SIMC,180,1.0674642868497808,3.3942386216856395,0.012647213114753697
monitor_output_test9.txt,18,IMC_robusto,180,7.113433808216944,8.89921476158326,3.6905362435954117
monitor_output_test9.txt,19,IMC,190,3.0158730158730163,17.974092710370144,0.041196401010524186
monitor_output_test9.txt,19,Lee,190,0.1411231275632939,0.8410699538905384,0.013702065409639627
monitor_output_test9.txt,19,SIMC,190,1.1039916340690659,3.44374283427506,0.015080370370371082
monitor_output_test9.txt,19,IMC_robusto,190,7.3011096231796095,9.01614549103742,3.8374205794629996
monitor_output_test9.txt,20,IMC,200,2.9850746268656714,16.493081791295516,0.0789090560254724
monitor_output_test9.txt,20,Lee,200,0.2908998827639865,1.6072749124340768,0.026053224504144507
monitor_output_test9.txt,20,SIMC,200,1.209897812352778,3.6681799814234357,0.03198308457711402
monitor_output_test9.txt,20,IMC_robusto,200,7.399469773834686,9.379638570081527,3.788765011257328
monitor_output_test9.txt,21,IMC,210,2.957746478873239,12.303975335333858,0.1762886160608653
monitor_output_test9.txt,21,Lee,210,0.8701113660018917,3.619589732504504,0.0536774054341834
monitor_output_test9.txt,21,SIMC,210,1.807760528089381,4.866203476483758,0.10774676056338027
monitor_output_test9.txt,21,IMC_robusto,210,7.63491888568366,10.987889210798032,3.4433181831645445
monitor_output_test9.txt,22,IMC,220,2.9333333333333336,11.555539798001313,0.18060017372703532
monitor_output_test9.txt,22,Lee,220,0.7648506430456928,3.013043879059568,0.05610719360205633
monitor_output_test9.txt,22,SIMC,220,1.667526389042848,4.140937113490552,0.10266666666666621
monitor_output_test9.txt,22,IMC_robusto,220,7.534074522363226,9.550264835152426,3.8576869444717037
monitor_output_test9.txt,23,IMC,230,2.948717948717949,9.011478429419979,0.2218964087017343
monitor_output_test9.txt,23,Lee,230,1.3924556703316833,4.255437263022457,0.057471495472794905
monitor_output_test9.txt,23,SIMC,230,2.7418036035815536,6.167981795235226,0.2063257264957269
monitor_output_test9.txt,23,IMC_robusto,230,7.788073918794914,12.526835480517198,3.142688447017892
monitor_output_test9.txt,24,IMC,240,2.926829268292683,8.460364531726587,0.24158588896927796
monitor_output_test9.txt,24,Lee,240,1.2747105449302436,3.6847095932031153,0.065253718703389
monitor_output_test9.txt,24,SIMC,240,2.481094835648422,5.1477346178631045,0.20479414634146298
monitor_output_test9.txt,24,IMC_robusto,240,7.695987843571763,10.674497015646367,3.601338127078438
monitor_output_test9.txt,25,IMC,250,2.906976744186047,6.859021429448596,0.24403237255087673
monitor_output_test9.txt,25,Lee,250,1.663287819543684,3.9245332183712893,0.054713712091507466
monitor_output_test9.txt,25,SIMC,250,3.560818823822942,6.6045049129610325,0.2989205426356592
monitor_output_test9.txt,25,IMC_robusto,250,7.770967641913278,12.7130398310526,3.0830698658653684
